-2647
3742
5707
-2451
3550
8547
-2009
-6151
-2714
-5887
-292
-2860
-5001
-3200
3103
-374
2693
1907
2917
8301
-6200
600
9133
891
-620
-2835
5373
6686
-8752
-7753
-9861
-1398
-1537
4378
2580
5644
-7639
1403
3355
1159
-9842
-1869
-6038
-8746
3316
-3074
7607
-2155
-7240
5830
-7898
-3275
-291
5765
-1006
5136
-7561
6207
909
-6288
-4695
-6972
-5601
-4811
5485
-8003
-8835
-7510
3743
863
-6591
-6318
1828
-9124
-205
-1428
-4524
2769
-9120
6851
-613
-8802
3571
-3383
-7844
-5959
-402
8329
3194
4530
-7244
-4498
-5828
-8797
-4090
1512
-8463
5831
-2010
1837
