7225
2010
-5099
7837
-6466
6065
7885
1718
-9825
-3913
9065
-9473
-3347
-537
-7929
2530
-6682
-1259
5341
8475
-817
-1226
7095
3207
-5131
3054
-8561
-6578
7426
6222
3934
4120
-4567
-2762
6032
7370
-8113
5093
4955
7576
-704
-7697
-4790
772
1432
9483
5033
-1813
9366
6430
-682
-7701
8465
-9652
2800
7180
5547
-6356
6053
8793
8028
518
7312
-8330
-8606
-5422
9311
-8466
8212
6533
1709
-9267
431
7056
-2133
-8388
-3840
988
-8276
-8029
-3909
-5891
-4603
-7739
7123
-1552
-87
-2244
-845
6450
-7420
3365
4221
6491
3221
-6499
-8695
-4131
-5782
4417
