8125
-5309
-7219
-6043
-2018
-2104
1655
-5271
625
-4328
-9158
-3408
-4218
-8919
7406
5180
-2452
6041
3116
-4858
7435
-9328
-9567
-7151
-5762
-7013
942
5798
-9197
-3886
9870
-3289
9748
-7758
9510
7308
9409
5262
-2900
-3275
7020
983
-5345
-1426
8630
-2783
-6650
5173
-4198
-3400
-625
535
-2086
7768
1575
9556
-9043
-5203
9207
-1832
-3401
-7927
-3523
9526
-5262
7297
3469
-1939
-9603
-2497
-6030
8483
1594
3314
3855
3576
-1572
-4110
8959
-2652
3766
253
-1017
6222
-7553
3702
8242
8780
6292
-6526
4674
6023
8402
6451
32
7584
-4802
-8611
1537
-5690
