6216
-4804
-5247
-7925
2657
2936
9554
-4618
7576
304
5878
9269
-6608
-4654
-3429
7129
-9447
8451
-1059
-7444
-6433
6768
-5598
892
-7957
-7919
4583
-1936
9974
4744
4775
-5038
830
8686
-2697
4230
-1364
9371
-1101
-7184
-4680
-9428
1215
9581
-77
4148
9770
9229
-6001
-7526
-7886
971
-5366
-2087
4373
-4996
9264
-3555
-86
6882
-5383
1832
2623
-856
9675
-8844
9654
9643
7131
-4729
-5930
-6445
-8447
-744
-8398
6799
-3844
-3425
-6536
407
4626
-8678
-3146
3121
9617
6745
-6989
-9270
-2029
-2278
894
8052
8059
-3859
6724
-9945
-9418
8987
-3232
9112
