-81
3259
-5976
5681
-6612
-226
2184
8432
8614
8689
-5775
-5850
507
-5092
3500
2149
5802
-4630
-6307
-3308
-5427
-6376
9282
-7832
-4445
6494
5474
8096
3780
2679
-4926
5084
1847
-6526
6703
6548
-8767
-6674
-4192
1355
2842
-180
-7253
524
-7563
5266
7665
8465
1280
-9044
-2111
-5553
6411
-2730
5816
9516
-1621
-6586
1140
-8116
4269
-940
8324
-254
4092
9235
-4842
-3449
6007
6329
6255
-8508
-3988
634
2485
4321
-6550
-6327
-8948
-1808
822
3669
-3628
-9965
7530
960
-2624
1213
-5238
-4029
-5166
4274
-2805
1544
2455
-6128
2676
5606
-5372
7799
