4278
5329
-8512
-1165
-284
9552
-9252
3137
5904
7200
-6650
-3773
2173
-7712
8699
-9197
-7909
-5144
6521
-5942
-9340
-2549
-3105
-5826
-2586
4615
4283
8097
-3395
211
4848
3582
-6610
2741
1847
-9162
-3619
3540
-5353
-1392
-1276
8036
2636
-9731
-2738
7985
5765
6613
464
4188
-8466
-8460
2167
9505
-6890
901
9082
3479
3632
-2723
-6933
-8096
468
-5076
9807
9074
-1174
5251
3652
-7959
-6228
5000
-5495
-2977
4681
-8372
-1663
-4731
-4852
7703
-3292
7347
5278
-379
-7989
-2722
7351
8359
-4934
-781
-6751
-2458
-3074
7489
2464
-9955
-6563
2490
4205
9347
