8280
3396
-3819
9991
-5930
1921
8611
-9533
7197
8329
9773
-1916
-1083
8419
-7135
-5386
5574
-648
8804
-436
9299
2165
-4695
4864
-9627
-4148
-4751
3579
5730
-7620
-9361
3088
4105
4647
-956
-4629
8169
-5541
-190
6571
-4877
-4466
9207
7496
-3173
-1045
-4509
-7679
255
4911
2793
9692
-4019
-1827
4994
9026
-7198
5979
-5106
629
-6104
-9317
9835
582
-2236
3314
1090
8252
-9000
4588
5944
-4462
8803
-1057
4694
7372
-8826
-2574
-7672
8531
-3322
4755
4794
6119
-5887
2025
5603
7723
-5101
7552
-3817
9111
4632
-6432
-4291
8117
999
5467
-6405
7594
