-1470
2460
-8061
-9699
602
-6759
4759
9368
-6181
4095
-213
3251
1492
3561
-8361
1418
7063
-3908
-1093
5484
-1774
-1364
-2987
-3437
9651
6297
9405
7382
338
3309
9744
-9534
7098
-446
6588
-5639
-6503
-1357
4591
8456
7908
4723
3590
7542
1257
178
4721
3414
2574
-7289
-8062
-6157
9116
5388
8704
-3890
8235
-4644
-9753
-9719
-1327
-2250
6970
7217
-5069
5122
7812
9510
9737
-3386
-1496
-5216
-3447
-6480
-3870
6804
-8812
-7408
8572
-8289
1502
2193
867
976
6136
-9282
-8907
7468
7932
-9847
958
4138
6681
384
-3315
8853
-2862
362
-3505
9243
