8317
7253
-7600
-247
6247
9076
-1551
-5321
-525
5842
-7201
3363
-681
-2944
8711
3056
-9256
-7242
-5213
3116
7095
-7687
8724
5026
-797
-2283
-1194
-9552
7655
-4325
8417
5074
6594
9373
-4253
1391
-4185
2191
6761
2129
1517
-5445
8340
4239
-3120
3863
-231
-5299
3939
-3714
6207
-5543
-9574
7504
-843
-3155
-7767
3868
8897
293
9695
-5263
-715
-8333
-8373
227
5822
-4411
-495
2030
2596
9291
9586
-8490
7831
-7420
8118
8332
-453
-6350
6016
-3311
-9871
3391
9435
-1475
-1694
4157
2755
1231
-5220
9226
-1277
-7258
-8248
6329
9641
242
8948
2916
