6143
-9649
6444
-8176
-8298
-5329
7855
8197
-1168
-9947
2545
-6441
-8004
-4808
4730
9280
756
-2927
7355
8973
1942
9525
-8119
-3912
-1348
-3672
-7054
4272
5781
-5978
-704
9418
6512
-2493
-9367
1706
9437
9115
5840
3044
8107
5038
6340
2614
7211
-9403
-6583
-7102
-8274
-7255
1019
-654
-2668
-1802
-6401
8725
-2393
3489
2677
3730
-5063
-4346
5205
8275
-8560
-4694
-2464
-7031
7640
1621
-124
-1674
-2558
4885
9686
-236
155
5254
7294
-2845
6190
-6891
4989
949
-1978
9643
1460
859
-4407
4895
7124
-1704
2282
2912
5981
-7925
1168
-3286
625
-2341
