-32
6270
-6856
-8909
5644
9166
5904
-1070
-4238
-9804
5538
-7258
-8933
3928
-5764
-6788
6932
-3338
-3859
-8559
5049
6436
6227
-7043
881
-131
-6060
36
9836
-5871
8453
3509
-8600
-1245
5890
-1648
5600
-348
-4379
7073
8228
3234
-817
999
2567
-7723
5203
2329
7704
-5740
6700
-2845
4519
5661
6057
4406
-3969
-8650
-9351
-8421
-3080
-5435
-6653
-951
4021
3972
-3003
-5086
7016
4422
5266
-8385
1387
-9584
-478
-5818
9783
59
-8846
406
-9605
2703
-2475
-6229
-8849
-8164
5974
7005
8778
-5285
8035
9677
9789
-2483
-1184
4546
8378
6295
-161
-2153
-1312
-8409
-5112
-3360
3268
4022
-3751
-6771
-2712
2659
6474
-9806
-27
-667
-4268
5240
-3239
2734
975
2393
2724
1199
-4171
6581
-62
8040
-2031
-1988
-4963
2125
-4193
-4214
-5784
3744
8833
6486
9608
6821
7776
-530
-5158
6589
3695
-1884
8251
-5580
7151
-2636
-2380
7157
-6036
3756
4951
-3206
3012
-4023
-6307
2449
4078
-6825
5781
3055
2466
-5061
706
7949
6009
1949
-8104
-9982
9391
4137
-9452
8889
5486
2269
-9981
-1407
6184
7392
-2438
-8344
4020
6203
-6527
-4957
1436
7900
-886
393
2690
-3085
7081
-3558
9790
-2787
-8670
-3576
2153
-7640
-5805
4455
2778
-4114
-4667
9028
2842
-623
-3888
-3055
-4479
6637
-8639
-4041
-2764
-5012
4215
1054
-3685
429
-6571
-3203
-870
9334
1907
-1709
6452
-1167
-4473
8058
-3989
-3579
8330
-5893
5420
-149
4023
-8569
-6745
-8255
-9121
-4904
9260
-1136
-9694
-8687
-8383
-2841
-6377
8655
3425
8901
4276
-6463
-634
233
-6738
-7639
-3408
-3935
5559
4534
6427
9226
-1260
8798
9775
-8284
4284
-2192
6438
-9443
4811
-9609
-2284
7571
-3451
6769
-473
4002
2506
-6656
-878
6345
2755
-9098
-8879
5755
3352
-3564
-6939
9577
1290
1963
8645
2178
3220
5023
-1950
7606
-453
2491
5259
-937
6987
-3182
-8449
208
5918
11
2059
7774
7442
-7744
-6064
4878
5817
8140
-3554
4551
-92
-3490
-44
-6809
-6995
-350
7706
248
-311
-1185
872
-4316
4256
-4238
-2544
-3419
6784
-6841
4354
3446
-6856
9029
4800
-4647
920
-8817
7651
129
8104
1095
169
-3594
-8204
-9875
75
4756
5051
-4806
-8746
5682
-4422
-905
2470
8189
6100
3290
-8105
-5149
-9473
-9595
-4491
-8611
-1973
-2781
-5149
7232
9837
-8739
3030
-7839
6615
3958
-4135
-541
7153
-3192
-9505
-1881
1595
5842
7346
2205
-1751
-7867
3204
-7915
3011
-1706
1042
-5048
2079
3870
-2428
5936
-7284
-1462
-4303
-3622
-8686
-9504
4755
3613
-750
6270
6907
-6509
5265
-8972
2553
-5612
8316
-6235
-7151
-7392
2847
-4004
-897
338
6310
-2988
6771
-494
8221
2774
-4306
4352
-1280
-1963
357
-166
3314
-1763
-2319
1884
4497
-7800
-1956
-5270
-6466
5760
2789
9171
-8229
9
141
2599
-2989
6140
-5075
7932
6529
-1372
-616
-6844
-1878
-6717
-2964
-5156
-225
7866
4398
5947
-6572
836
-6022
-6713
-9610
-9344
9091
1121
5748
-4142
-2984
4019
-5440
-4411
4424
1253
-6889
9393
-7382
-1189
-4149
-1768
-7746
-570
5779
7378
1005
3731
-7385
-499
6146
-2981
-7534
1265
-6993
-375
-1985
5907
4110
4662
-3705
2504
8840
2958
2443
-6814
-8504
-4337
6595
4376
4717
-1210
4454
3235
-4790
-1369
-9714
8748
7758
9996
-7615
6876
-9113
-7143
-4302
-7420
3011
-3648
415
-5269
903
-6040
-5824
7113
-1686
-1140
-2817
-4558
4738
3349
5341
8375
3960
-9613
1289
6518
5930
-4206
-37
-9902
3278
1528
-489
-5650
-6253
-1383
1167
-6429
4205
-5477
8553
3775
3615
-2089
-5691
4093
-171
-8882
-1775
-9452
6063
-4863
-561
-4973
-317
-5497
231
6606
2556
7976
-2783
1143
-8511
-8445
-2697
-4711
812
8425
2445
-2402
4913
377
3959
2566
7073
-3001
-8393
8488
-1071
1315
4838
6823
3574
-669
-2920
1888
-1237
-4429
4044
2667
1074
8102
4091
-2853
5308
-299
8752
9926
-2134
-8010
1915
9143
49
-5681
-4108
-3797
-6269
-2084
-4408
1174
1774
-170
5400
1694
-1197
-6724
-5050
-3614
7260
-3873
-1951
6000
3507
-2369
-6238
-8816
6116
-6423
-9822
6218
9402
-8061
-867
-6700
-1726
-5357
2039
-3942
2238
-339
-5449
2388
746
-9303
859
-3236
1098
-3532
6544
2222
8543
-6428
4895
7556
430
6256
693
-5578
3659
119
-2359
-6716
-4697
400
-4167
2690
-2851
7711
8127
-9751
-631
-9288
-5445
8911
3336
-2596
-2800
4973
-5743
-8427
5661
-952
-1462
4845
-4617
-163
-3955
-3846
1878
602
-2931
-7947
-2715
-1951
8826
-5615
9901
-3173
-6530
7583
6563
-7892
-2645
-1593
-5569
-8824
-9210
-1841
-3791
6448
9703
-2714
-8312
2261
-4262
3803
9291
-1179
-9811
3213
-8011
3556
-8887
-7811
3771
6364
-6227
281
1891
-2910
-5346
7971
-1033
-7264
3735
5100
5035
455
-37
-949
7986
-5959
3859
1126
-7807
-2893
5864
-5079
8001
-1804
7579
9606
3653
-3817
-5290
599
4842
5316
3642
-3985
4336
7435
-5900
-5313
-9570
9779
8493
-4622
-7583
-8580
9969
2772
-6018
3265
-5786
-3762
1629
9877
-3848
-9277
-5713
5524
1829
4440
536
5548
-8297
-3989
-3243
898
-2306
506
6807
-3894
-2579
5203
-5288
1480
2712
-307
-3822
1897
-5944
-5907
3656
3849
7882
-6002
7974
6951
3853
-1112
-7095
8915
3295
-6933
-494
5781
-227
1745
-9668
-9975
-1099
-8609
8356
-4662
-5156
6604
-8212
4089
-4574
5980
4068
3649
-5015
5771
8893
3822
-4002
164
4187
-1357
-4251
-8906
-1220
-6457
214
3122
8846
5419
4522
-8202
4019
-7229
-9611
-3783
-1133
9634
-3939
2669
556
-232
2031
1465
6919
3627
-3270
-2861
-5708
1057
2311
-1985
3797
-3575
8142
-2468
-1315
-2806
-7244
-9550
9176
6055
3817
9321
-7615
3757
-7400
2080
2916
1831
3575
-6817
6728
-8069
7925
-3239
-5576
-3071
9121
3873
1297
6315
-4067
-6874
-1681
1716
177
-9362
-9892
3901
5229
7505
5245
2856
492
-848
-2349
9287
-7836
-1226
-1558
-8134
-8137
2214
-5378
3486
-9404
7463
-657
-4176
8591
-7541
-7575
-4233
3580
-3458
3241
2000
-4892
13
-7345
-2554
7477
-7806
1358
8714
-9519
8896
6006
-7483
-4508
-6396
-3595
-6594
8337
2279
-6739
-5781
-8787
5258
-8905
-9968
-9934
715
838
5018
265
2418
-8899
6083
2723
-45
-2673
-9946
699
5179
-5100
257
4146
-8562
-8326
3970
-6311
8379
-7746
-7214
-772
-5826
171
1164
8184
-3061
-9907
6494
-8525
-5184
6181
3450
-9009
3318
8274
1546
7292
-8704
-6491
-9943
1484
4310
1833
8199
-3474
8961
-1721
3973
5782
3290
6956
4249
-8897
8841
-6821
-6226
1225
7347
8191
-644
-4626
1443
-2360
1433
3917
-6781
-7367
-7332
-8281
-8391
7351
7498
8025
-9795
-5419
5397
-6901
1104
-4726
4949
-6317
-4118
6100
5419
-4220
-1006
-5614
-6563
-1760
-253
4367
2726
-8123
-9307
-9551
494
-9336
7781
1646
-8113
-1598
-9001
-2335
-5569
-3938
-1012
4079
3180
-9950
-3284
3001
-542
3309
-7465
-8492
-6476
8270
-5967
8581
-1863
-2027
139
-7333
1174
-2883
-1407
6165
-3227
-8260
274
6088
5528
6303
5028
5554
5577
-9396
-7877
-3419
-4240
4909
4554
-9452
-4710
5814
-5200
-3335
-5508
-8001
-6576
-6403
-4819
-6123
1003
-1863
-2198
4201
-3973
-7089
1040
-2968
5087
-5312
-1771
-6915
-2039
155
-1112
-1862
-7766
-5689
1357
-9840
7785
112
-8092
-6284
7595
-882
-8564
-9903
7114
-7182
5885
-748
-342
9551
-1657
-1077
8936
-7997
-2181
-8646
-7092
-6772
-9496
9915
-7250
-1557
-8020
-7094
12
7503
9306
2483
7899
-3807
2828
-33
5336
4813
1361
-6688
-6995
5505
9906
8141
-4549
-4345
-9175
-6694
-5028
-6593
-3717
-2698
845
7323
8850
7078
9311
-2583
1198
-1441
9519
-7029
-5243
-2672
-554
-6229
-5274
686
-9366
-1524
2075
-1046
7302
-7352
4626
9115
4904
-4982
5140
1506
-6402
2638
5881
-2202
-3087
-4598
8920
7650
-6777
-7839
5883
-9831
-2936
3861
5000
-7927
-8663
-597
-6284
-1399
-5289
-7627
-550
-7630
-9158
-5612
-5956
1668
2106
-9852
-2673
-1351
9897
112
3198
-9105
5830
2764
-9394
-5471
-2581
-7790
-5901
1252
-302
-1254
-6065
8219
-2303
-8599
2879
3314
-5203
-5678
-8959
3246
-8033
4152
-370
-3063
2739
-5209
7732
-8816
407
-8539
-8058
4865
3971
1241
2557
-5394
-6319
-1732
-4071
-2379
-6794
8793
-1511
3920
1889
-2805
374
9161
-8226
-3100
5803
4345
8585
4740
-205
8319
1185
-7082
-1507
8211
-3571
8053
-2037
6795
-2794
-940
2839
6384
-9702
64
9397
2079
5822
-8532
2049
-9850
-3473
-8348
-3109
-7691
-2314
-9423
-1066
-5665
-7910
5732
4319
-5280
4040
2457
-9733
275
-435
635
5023
-1342
6039
-8212
-7069
7495
2084
-1151
-8221
-8779
-1873
-9988
8054
-5466
-2780
-9732
-986
3283
1822
-7042
-6568
-6872
-8621
5737
1406
4671
4057
1538
2612
7307
-4463
-8113
8518
-4364
4885
1366
463
8522
-8693
9482
4994
-3696
9710
-6041
-3338
-9997
-3330
-5924
4299
-8045
-1385
9154
-941
-6694
-7061
8242
-5426
2147
6326
-4407
-5580
-1348
7808
-1465
-4025
-3711
-7288
-6074
-1521
4534
-6340
-1534
4772
6555
9123
-1025
1952
-5306
9834
8038
2078
-2217
-1701
-7658
2950
9737
-9747
8829
9995
-939
-1474
3970
-4322
-3730
9761
720
-8042
1315
-7740
-3416
-1800
6751
-1359
-4108
-2881
-2983
-9657
-6632
389
5975
868
1825
9370
9299
372
-5719
-7404
-9719
-9998
4568
-9872
8404
-7179
-2067
-7690
-9226
2667
-2451
380
-8039
5069
9557
4372
7635
-4506
-4974
7682
6296
5020
458
9150
-1052
1531
4757
-5379
1161
8124
6467
644
7954
5558
-302
-6503
7078
-1819
-2468
5038
6191
-3636
8484
-4506
-4283
8016
5822
4156
-5698
-8524
-5394
289
2684
4832
-8938
3509
5756
-7895
-8322
5922
2853
-9133
-5830
2316
8854
-4336
7424
2196
6708
-9148
3448
-5851
-6285
-6490
-5522
-3549
-1746
-6049
2814
5640
4957
9512
-276
1673
-9126
-9391
-640
5608
3803
-4325
2146
-5700
-9849
-6798
-5750
-4929
9074
-7062
-9199
-5028
5287
6840
-2375
-5544
-1609
-5992
-8556
-1383
-4280
-7685
-7165
4543
-1922
-1396
1465
-8555
8446
5615
-1072
-3923
-1835
-8838
8419
2807
8853
776
-1718
2704
9107
7644
-9431
-697
-1894
-7212
-8635
3957
-5513
-1755
414
-8805
9626
-7909
-5120
-9246
2205
-6362
-8175
1777
-7663
9777
-7793
9813
2606
-3374
123
3155
8506
-5925
4981
7077
-3078
1468
-5871
8404
-6198
7963
5164
-6204
8635
6314
-3395
-8690
5943
-1315
-877
-6946
2104
199
1822
-8355
3389
-5536
-4064
8046
-8069
7172
308
-9845
-7954
-1714
5697
6802
-1012
1996
-1782
-3886
-6584
9814
-1076
7788
-4060
8592
8362
2119
1079
-1558
-6248
1856
7951
-1856
-5864
-7656
5686
-1227
-1854
2857
-7792
-203
-3849
6482
1372
9795
4791
-3223
-5292
7055
9338
-2184
-1783
3913
811
1235
-8821
-8666
3335
5875
-9515
8895
-8615
3714
3229
-5127
-5335
2489
2174
8554
-1578
818
-5692
9553
-762
1702
6872
2055
8506
3960
-3804
4349
839
-3799
5496
-4164
5935
-9356
-8562
1092
-9594
-3480
3671
5578
-1712
-7308
-34
6028
-9112
-3137
548
990
-2148
7434
-5981
-8022
4141
8669
9278
-2225
-4239
-3276
2322
8118
-3916
9725
-6844
5698
-7114
3070
-2965
6863
-5876
-3389
6357
-2337
-9325
1720
-6193
-3570
9455
-1539
-3880
2712
-273
1986
8073
2787
5352
6684
-9543
8444
3944
-5918
4617
-9139
2846
3007
-9697
3301
-4394
-9416
5882
9906
7050
-6031
6253
4764
-380
9025
7547
9542
-722
-2589
-3326
1611
-974
7333
8967
3644
-2794
1692
2250
-6604
-6482
-9237
-6821
-3059
-7849
-6419
-7395
-2198
-3784
-4487
-6090
-6322
4081
1235
-1727
8393
-1975
-2245
2396
-3728
-1431
-3981
4087
9117
-5846
7633
5955
-5133
7425
5656
5642
9524
2383
-8516
-8565
9536
5173
-4934
-1398
-7495
9320
-3090
3843
6125
-3768
967
4877
-8273
7447
-4211
9228
-9453
9125
5543
-852
4733
-571
-1987
1695
-9509
-8006
9763
8195
1220
2545
3451
9989
1390
-404
-2584
-9281
-596
-1997
3963
5146
-1489
7406
-6130
-8981
9399
-1763
-8659
-1719
-1616
1569
-4862
-6224
-8976
-187
3926
2219
-7641
7925
-5374
-6102
9315
8360
-7089
-1037
7999
208
1479
8086
681
9822
2469
1158
-9912
8957
1953
-8956
6392
3728
5682
2784
-5898
-8528
-9790
-6666
-9383
3673
-1515
7721
-9657
-1724
-714
-2984
-9222
-8843
-8462
3502
182
-6698
-6259
-3240
8116
-8886
1318
-5946
-3611
-4085
-2702
5918
6462
-3115
383
-4347
5332
1762
-8138
9956
7623
-771
-6157
5063
1144
-673
6246
3604
-569
-1030
3920
-7869
7360
-1082
-3785
-693
7556
4031
-4818
-8593
-4291
2957
6470
4185
-3697
-5647
-633
1509
-3616
-8439
2605
1617
7635
-3851
-4536
-5461
-6706
4009
8349
-3160
-9729
-6171
-9751
3136
-2546
5053
4030
3070
6257
2310
-5110
1115
-8886
-5825
-1599
-2412
-8614
-5135
4370
-8678
-2731
4131
-6255
-5952
6025
3521
-109
-2564
8337
-9721
1969
-5986
7051
8319
-7478
5606
7576
-4595
4927
4978
6478
3908
1679
-9394
8357
-3405
-8292
-5620
-1739
-3063
-8180
-6458
-1595
1018
-9122
2664
-172
4315
3540
-9286
-1195
1697
426
-7470
643
812
2353
7981
-7950
-4898
205
-3376
525
-4362
1669
-8313
-8422
3135
7484
-814
-4817
-8170
9535
-7871
-2095
1896
-6970
7341
6530
-4133
-3546
-9057
-2718
4183
1459
-9455
-4992
-6819
4070
-1470
-527
-1070
2002
2988
6139
-2808
6671
6468
-6462
6407
984
857
9892
-4552
-7370
-9222
-9083
9488
-816
-4141
5274
3074
990
2283
3521
-9799
8016
5434
9477
-2384
-4214
-7722
5543
-9767
2017
9268
6487
-7190
-5414
8263
6378
-9341
2982
-9979
1831
-4478
-250
-2259
3294
-1637
3150
184
-1479
-8606
-9319
-5110
-1702
8084
4402
-2058
-5377
-4066
6383
5674
-9456
4195
-2044
-2872
-7591
-5730
3347
5275
-927
1282
8065
-3917
4222
-1098
-8261
-7336
2137
7865
9617
-617
9127
4710
4960
-1563
-4859
9720
7779
-8566
-6864
1109
725
1742
-4370
5869
6138
8631
-6998
-5025
-5029
-1447
-5580
-8658
-5260
3383
6488
-2700
-98
-9443
7019
-4830
-5149
-4641
-8887
8186
-3176
5087
4160
4693
8865
-4643
-4942
-710
2055
7633
7314
4217
-8149
-1457
5119
7462
-5902
-6095
2810
-4607
8925
9856
657
-1550
6315
-897
-1049
5900
-6993
6422
-7286
7988
-4910
6219
6774
8975
4164
8561
8012
1954
738
2102
-2008
-8776
1930
6424
3134
6214
7589
836
-1162
-8874
-161
-8478
-1857
8056
7774
9461
4398
-5585
-5160
2369
937
-6298
846
-2932
8669
-6536
6987
-2444
940
-3535
-7074
-2172
2107
-506
-5705
-5342
9043
-140
-6463
6351
6572
-5109
760
5563
9236
-7034
1365
3279
5978
-1534
-4699
1568
6654
8228
6541
-2145
6846
-432
6531
-9085
-1447
-8302
-489
-3623
-7964
8720
-3627
-7905
9500
-563
7107
8283
-2622
-9066
-5573
3596
5480
-510
-1376
2153
-4751
3729
-1241
8423
1025
-1150
2810
-2132
-5235
3911
5824
309
-3587
-5306
4874
7002
4877
-9234
2666
-8661
3258
1659
-6846
-7153
8991
-4442
9045
-1897
-4059
2648
326
2794
4577
9055
3979
7503
-1863
-5586
-6320
1926
3653
-5306
1470
-3500
4036
7378
-2558
-3306
2263
-1334
5453
-7441
2957
9630
9580
-5433
-7511
-5213
-2610
-7609
2070
-1867
-8343
-758
5985
-1532
-7930
-2034
-353
497
3152
-7341
8828
-5456
2385
-4355
7087
-8758
-8207
-7368
-6015
-4720
3687
4389
-5529
1525
211
-9028
-2177
-4006
3158
2849
1385
7865
9110
-9677
5260
-6084
-5765
-3958
6599
-1734
-1516
4309
8886
-100
-6130
-6196
7073
9675
-7307
652
5242
-5668
-3662
560
-8344
-8438
9051
5357
4138
5375
-1972
6014
-1880
-3017
-724
2329
-3322
-9079
8297
927
1236
1003
1665
-8285
6727
6001
361
-3557
9657
-8425
-8630
9958
-1620
1911
-7560
-4980
3104
-8040
-6698
8152
5229
5345
8687
-3301
-5684
9057
8895
4372
5098
3037
-5377
7580
-3144
-6586
4902
-8758
6493
-186
-9285
8103
-5756
2264
-7417
2668
-821
-286
-6587
6495
-5510
1603
-7308
-1316
-4502
2934
-2501
3768
1271
-5865
-4192
-2990
-2534
2323
9366
1993
-5976
4183
-4772
8679
3097
-8994
7381
-6158
-956
8337
-971
-3905
-1774
-820
-4334
2837
6137
1241
8661
-6038
6950
-8004
-9150
-9607
-9666
-7236
1824
-5920
-3436
-3792
-1826
3252
-9338
-7628
-9978
-4199
9671
1483
-3272
2039
-5146
5270
-8717
-4774
-1813
-9480
3339
3329
7535
-693
2149
-9739
-9855
4579
1860
7813
8335
8305
-869
3396
4937
6074
9868
1565
-6617
-3428
8224
-7470
-19
-7820
-6986
-7014
9349
1995
6501
7474
5119
5924
-8065
9003
-181
-7300
5583
-260
6838
-7472
-8450
-2645
-6122
7942
6662
-3267
-3961
7756
-7546
-4682
-8639
3502
-5375
-7098
-571
2150
5436
1803
4356
9298
-6564
-2847
1449
-7200
3835
-648
503
-299
2881
9349
7734
199
167
5831
4292
-2261
7189
-8415
4569
-3436
1948
-6096
-1822
6246
-8219
-7082
8026
-2955
-2625
410
7509
2721
5100
7333
-2430
8801
5805
-9381
-7100
-140
8889
-7279
2867
4152
-3736
-3217
9019
-8363
4903
3263
-3105
-7234
9745
1183
-8799
3334
8635
5781
-7256
6670
-5831
9222
-5906
-8471
-6782
3505
-482
-6469
8512
-23
8402
-803
-8987
-8919
-1175
-9405
7700
-2208
3306
6961
-5791
-680
-149
-282
-1202
-9112
-2320
2154
1121
-7848
-4341
4224
8889
-4880
4350
-8402
-2105
-8577
9466
6522
-6353
9230
639
-9758
7843
9485
-5552
-1041
9713
-1501
-9408
7940
272
-9375
3319
-8823
-7274
3877
4049
-2407
5080
1001
-2020
7802
-4970
-6630
9993
38
4107
1796
9390
-1930
4000
904
4727
-607
7502
2562
8573
-2565
9386
-9787
1203
-39
4200
-7016
-197
-1452
9027
-7394
2133
-1879
1408
-3180
-816
-6595
879
-2367
-5428
-6690
342
3778
-8122
-1238
-3951
3511
4893
4470
-3847
6725
9979
2088
-1974
9899
-8088
8970
6643
1887
8079
6254
4649
2616
-188
-2449
1211
-5022
4452
9404
31
-4688
1395
2791
4052
8609
8460
-2361
8541
8965
5500
3243
3891
-6862
-3392
-3525
3090
-315
8324
7129
-1666
-2392
-1009
6895
8215
9237
-3038
-7393
8195
-6796
-9726
7559
-5039
5705
-972
-6571
8576
2332
-3016
-9363
1697
4963
-9707
3088
-5331
3539
6306
-9964
-9855
-5703
9535
-1707
7289
1707
704
-9256
-2584
-7424
4708
5967
7067
-6160
-1318
-812
6465
9543
9112
7359
7049
6064
-2490
-973
4810
3084
-249
8822
103
8274
3376
5075
-1814
5101
-4466
9168
-2849
-2411
6290
1387
5961
1630
-2951
3616
-6261
-7592
-6842
-9473
2428
-8871
-9687
9237
8944
-3435
3446
2500
-5935
-6073
6346
1585
-6305
6912
-7806
3931
-1712
6611
3824
-729
9716
188
1471
2813
8125
-5374
-4862
-2288
3132
-2668
-1199
622
1522
528
-9354
954
8375
-4322
-6607
-6559
3508
7369
7485
7014
-992
56
5662
-7106
-105
-2230
-4378
6014
-272
-5144
-3205
-5548
-564
894
-1100
-6947
5260
4499
-162
214
947
-639
-888
-4529
-8202
9805
5406
-949
-3281
5420
2330
-7505
-8529
-2967
5983
6971
-9578
-9571
-5624
-1283
2760
7883
1559
-9016
-8220
4613
-6963
-169
-5262
5829
620
-4136
3358
4489
9748
-5869
7373
-1555
2966
4853
-5891
-9197
-55
9213
8744
3471
-3207
-7978
-2886
4855
-6643
-4574
-946
-3810
4470
3091
1266
3503
-9353
-6290
-3864
521
-2712
-6434
-3571
-1419
-5882
-89
-414
3208
-9418
7184
-9905
6017
-4194
-1273
2948
2989
3545
9973
686
-4812
1507
988
2765
3650
4254
-7947
-2255
-170
-5561
5481
-1754
-8368
-8869
7715
4318
-651
4467
1394
-4060
-9835
-4595
-4555
-5318
4213
-2422
4650
2695
-29
1247
1762
-4245
-6107
-8467
3711
7992
-6244
9396
4961
-37
8723
-2246
-7977
4998
6003
-4709
-3456
3911
9067
-3368
-4995
-8448
1440
9243
3890
7094
8666
-5480
-8795
7562
-9852
867
-6529
-6522
2967
-7497
9966
-5110
5672
-3724
-5953
6988
-180
6794
1900
2092
4936
-5207
-8746
5221
-1006
-5578
3340
-7583
-9796
-3420
2881
-2782
-504
8494
-380
-7861
2127
2138
2230
7915
5482
-9650
3918
-2290
-3280
1899
4328
3093
7552
3938
3869
-8506
-9993
2681
8001
5926
9579
7871
4409
-2136
3109
-287
-335
-2076
2445
7665
-9762
9262
6564
-8402
4868
-2713
3249
-7013
535
4766
388
-3520
1480
-5831
-9155
8316
4193
3968
-1507
5996
5505
-9992
5816
-6663
3267
9688
4139
-9809
-9791
-6748
2894
5038
1671
-3620
-7783
-1012
-9386
632
-2585
-8379
-3887
5040
1564
-7929
-8125
2504
7894
-7430
-4788
3408
-9569
-5443
5019
-2872
6684
-1779
-887
-8119
-5765
-6247
-7377
2489
1136
7468
-9359
-5624
9306
7363
-8674
1752
3045
351
-8620
3486
-9202
-4861
6068
8540
4259
-5838
-7598
3544
6540
5128
2440
-3583
-6573
4835
-7349
5486
-2343
-8095
-8364
6873
-3146
-5666
-4157
5876
3837
4058
7079
1222
-6527
-9870
-4750
-6726
-9579
645
2558
-117
8385
-1138
3074
9890
2782
-2514
-8832
2061
-3545
-7760
-8501
4804
-5256
9244
4276
-9398
8304
-5573
-7543
-8289
-4673
-4893
-4311
-81
-9255
3045
7372
-2120
7570
-7056
-1512
-1467
5415
-9787
6086
6859
45
37
8967
-9252
-2677
3552
-7278
3344
-6797
1265
-9052
-7160
8684
8684
7028
4731
-3349
2598
-1324
4557
-6605
-8508
7300
2447
-2883
-2897
-2142
347
-6921
-6489
8052
-9273
-644
-4464
-6183
-6796
-5103
154
-1091
2691
-3514
-6577
7366
-7832
5516
3697
5753
-6383
-2816
-9503
7593
-7366
-2516
-3540
-2954
5868
8996
2645
4064
3762
-8944
4863
-3193
-6127
-3662
8013
8615
6259
4119
-8058
-4799
4323
-3001
-1460
285
3971
4911
-9484
6520
-2558
-1663
667
-117
2052
5432
-7264
5357
-9546
7018
4562
17
-284
8506
-4258
3833
-8354
-2432
-4031
-5346
9024
5894
2761
2415
1095
6425
8156
2467
-6991
482
4826
2385
4352
-7512
7883
-5393
17
1605
-8753
-3722
-3230
-4713
-4303
-7291
9042
-4648
-1967
-4152
-441
-9208
-4169
-7827
-8006
-8264
-2812
3816
847
-6621
72
5972
7866
-474
73
6287
1063
-9799
-1542
3193
-2811
8021
3742
4883
-2631
-7372
-670
-7563
6625
-5297
9527
2540
-2721
7094
5351
7146
3008
5169
-7623
9725
5323
-6523
7681
-7539
3515
7649
5054
-2073
3080
4753
4864
4484
7274
-6856
5114
-348
9301
5139
8199
9648
5349
-9994
-1068
-4119
-9151
5897
-9752
8647
4082
-201
-1561
6277
-1181
-1134
665
4076
-9728
9175
2562
8341
-5810
1228
8991
-9933
-7379
227
5602
-7298
-975
-9987
-5300
-5030
2615
-4919
-3809
8149
-4684
1134
-8384
294
-4759
-521
-9783
4379
2983
-3695
-6205
1907
6810
7471
5965
1471
3776
-1561
1324
2310
-4971
9788
-4490
9005
-229
520
2090
-2547
1872
-8031
-6710
-4149
-810
6198
-4860
-981
9592
442
4180
-4245
1536
2953
7488
-4053
-1834
7334
6943
2961
-6844
8043
-7754
2615
-399
-7881
-723
-2678
-5549
-9460
-4361
8327
3971
-3923
-6887
1088
5725
5855
-8096
2675
4718
-8989
8798
9189
8327
-1798
-2735
-6724
-9137
-3057
1006
5269
-7206
2888
2228
7924
8515
8268
186
-6759
9102
-8223
-7702
-8222
3285
-3012
5391
-9942
3300
-3500
-1871
-8242
-6390
-7610
2896
213
-5005
5980
-3842
3741
-3080
4140
-4534
-3555
5105
-4078
-1581
-2576
-3452
7697
9521
-1305
7420
5101
-7298
-404
-1386
2057
-9086
3404
-4149
-776
1483
7586
9186
2683
7823
-527
7505
5986
66
-7892
6087
8300
-7311
-1047
6512
6158
-4006
-1905
-1162
-1232
4572
-9530
5464
3660
-3393
3395
5781
-9727
4107
-4904
-5244
7573
-5853
-5575
-2118
-2232
8637
8419
3127
-5106
-9426
6918
8362
307
-4861
-8984
9598
-251
1233
-6442
8340
-6584
5979
8309
-9318
2129
-9213
-7781
-4998
5517
-3097
365
-8475
-8291
-2970
-6484
6187
2570
6836
8823
-9287
-7319
1802
-7275
-7755
-1577
1070
4503
-5660
7062
-5026
449
2118
9875
2741
2138
-906
611
2606
-6934
-7200
-4384
5029
9980
352
2592
-4223
-7600
8737
-1527
3603
-3426
-3886
-317
9604
8452
-6540
-2509
9002
-4939
5266
6788
6346
-4410
9068
-7037
767
-8618
5282
-1851
8888
9733
4061
4842
-4706
8904
9287
-8343
2618
8967
5722
-9455
9172
8113
7182
-7654
-5665
8961
-2733
420
-4535
-5057
7218
-2945
949
1718
1087
6168
2837
-1431
-8761
-4786
7506
8001
8070
-5386
-2270
-8605
-9245
971
-730
1861
-9145
6928
-5164
-5340
-203
-1782
4806
-6022
5786
7613
-9647
-5162
17
8234
1437
2859
6294
-972
8253
-1791
9436
1616
4314
-1969
-7137
8203
-5717
-7782
6341
1478
6303
-2264
-1762
-2004
1124
6578
-1140
7437
-4122
-9537
3756
-11
6773
-7298
5595
-2734
9598
9051
-1461
-3111
3850
-1022
3718
3562
5704
-5940
8795
6444
-7901
8172
-7653
-4405
-1071
-4584
-5554
-1994
8363
1529
8662
-5267
147
-5678
2645
-667
1373
9819
-3023
2256
-8293
-9742
4959
5387
-561
6364
7635
-5063
-7117
8296
-3402
-9853
1843
-4335
-5850
-1392
-4833
-6943
9874
-6208
-1807
-3939
-137
5246
1175
984
-6751
4106
6220
1122
-2827
-1170
3738
9643
-4699
4239
-4360
7265
-7979
-4307
-8891
-3545
-9413
8674
184
2420
1479
7987
4918
4423
896
-8545
-4492
-6302
3505
6921
-8759
1548
-2710
7876
5885
-4614
6948
-7813
5305
-3588
2077
-3230
-4800
1319
9690
-9316
-6371
-2287
-7430
-733
7537
7310
4088
-4990
-5812
-8138
-6224
2297
-357
8932
6469
6764
-1999
6945
-6951
-1329
-8068
-3916
6946
3646
-4145
-7319
-7998
-681
-5944
-3022
-3620
4311
-6281
-3581
3235
1320
615
5234
-7233
-7724
4064
6544
-1271
7856
6758
4980
-6107
-2178
9346
-1875
4058
3943
-6012
6041
9132
-1192
-6686
2351
-9255
7316
-5155
-6347
4653
-4026
9816
8062
9525
917
715
-7567
5581
-1150
450
8241
1543
-4191
-389
3219
-5280
-4573
-7811
-4413
1467
5047
-1382
-8933
-7214
813
6472
2678
-2983
-4049
-8280
-9330
1650
4324
-8230
1497
-7338
5141
-9508
318
-2690
971
8082
5667
2922
517
5375
-200
-8117
6114
4369
-2348
1416
-1690
-4331
40
-4566
8583
-8857
9173
-7394
-1630
-5732
-6424
772
-4362
-1594
-1036
-460
4026
-6886
-778
-8926
-3639
1011
7339
-6104
-8634
-2030
2228
3082
-2871
-1722
-97
-7013
-6122
-9632
1226
974
-1482
-4009
461
-5944
2545
741
7243
-7779
-6543
2191
8813
-5470
5483
-5104
-8604
6926
7615
-7477
2011
-7662
-376
2792
-7987
9225
-3695
5094
3486
-8327
-9684
6301
1784
-400
-7230
-9228
5305
-2153
-2865
-4721
9225
-4669
-8139
9686
7997
-1496
970
-8004
-8237
9560
8680
2455
-3579
9091
-3105
-3795
4275
8360
2655
-9960
9296
3380
-2888
707
2613
-8470
-4347
1982
1843
6808
5261
-4973
-3408
-8494
7011
-86
-2562
5757
4923
8111
-2385
-2481
8898
-2647
-8026
-88
-3326
2667
8542
8676
-8816
1549
-7645
945
2150
-2981
7721
4569
7178
622
2470
-4007
-8675
-3099
-9564
-5625
9189
7282
-5902
-3593
-4309
-175
-4680
5808
-7645
9587
-5678
-2931
2000
-2390
5208
-8698
4195
8512
-7137
1681
-473
8429
396
-1235
8978
-7730
5237
2698
-5423
-3614
-4943
-6688
4166
-9282
-8063
-3247
210
-82
4240
311
4293
-6547
-2325
9640
6585
-7044
-168
1010
3155
6181
5671
-7620
-1679
-4280
-1150
5112
-4344
-714
7710
-8342
-6175
5201
8921
6638
6275
5827
-3863
1584
5147
-1132
-6469
9346
6482
-2087
1581
-8279
5887
-2078
8521
9353
-2824
5177
-3364
-1520
805
1539
-4311
-9627
6206
-185
5238
-2141
8546
3197
-9545
7660
9225
-6796
6906
7619
-1978
-3495
-6890
-4936
-8071
2202
-1397
6074
3277
-813
-8024
-7369
-5800
-7492
1067
-2668
-3492
6361
-7817
-7717
-5494
-6725
9309
-8097
2657
-4601
4461
-6946
-9595
-6638
-5293
775
4422
6595
-1402
9463
-2217
6829
4161
1976
6977
9712
-6720
4855
5887
-7979
266
1534
-5540
3344
-8564
-8480
1110
-8163
115
-9924
-7861
-6475
-7482
-7248
6295
1089
623
7456
6277
-212
-2302
-3627
-9356
-2099
8194
-1787
5042
8984
6344
-9507
3523
-21
9308
795
2976
4010
-4293
1916
4968
7469
4783
-7793
851
4005
-5674
4861
-522
7027
-7327
8758
-8999
-6298
-6206
3706
3660
3063
4150
6508
1566
-5049
-6478
9826
-5089
7571
1375
1763
1488
9954
-4730
3346
5923
1059
3410
-5490
-7103
-7083
-2128
5176
7026
-1789
-7842
-1826
-7393
-6971
-1113
4431
2216
5290
5932
4456
-64
659
-3942
2432
-9937
6333
5262
-9734
-4622
-7568
-3949
802
-8696
9250
-6915
-6650
-8825
-8106
7040
-2238
6652
6113
-5681
5476
1966
582
-5954
9668
-397
9575
1655
-5860
-2949
3133
299
-6945
1445
4233
-6011
3635
6758
-2778
3528
-913
-5415
1890
-2095
1261
6563
3607
-7509
9426
-9883
-639
-1217
5601
-5783
8538
-7705
-8957
-3728
9366
4338
5205
6962
275
-8497
9022
-8503
-4374
2008
-7793
-8200
-8920
3085
-6868
3506
-4941
-2848
-5415
2688
-1703
-6170
-6868
-5778
8190
7399
8762
-9285
8655
-1739
3331
1613
1840
4385
-582
8035
9667
4598
5445
1339
3333
-7595
-6352
-9902
-6547
8826
6907
1914
-7807
-9934
-6727
-1368
9596
40
-3197
-2804
4630
1839
-813
-1389
2382
9566
-3287
-8202
-9732
-6951
2177
3741
-8467
2005
-7587
-1429
-8370
-1601
9122
4896
9746
1462
313
6555
9534
6137
2543
-3231
9868
-8067
4280
4101
-1818
-8049
-393
-6529
-6387
-2321
-1223
-27
8892
-3980
-3072
-88
-2510
5977
-2888
9199
673
1138
-360
6533
145
-8028
3093
7257
-6961
4966
-8651
1695
-5317
4615
8798
-8888
-6081
3155
105
-5761
-7303
-3046
6281
-3282
3666
-1118
-1339
-2586
-7866
4603
6177
-8825
7794
-4347
-1037
8690
6655
4964
-7287
1043
-4398
3862
-4166
564
-4681
-4769
9309
-162
-8345
6450
5346
-7659
4438
4024
-8269
-8047
-1023
-5652
-7481
8605
-5577
2025
8990
7172
-3922
4847
8287
7356
9070
8440
5962
-8929
-9019
-3602
699
-3612
-3491
-6682
-1014
3111
8581
5999
4935
2743
1100
127
9970
-1741
-2599
7854
-9596
9729
-7107
-3186
-2245
9073
-9691
-6319
-2596
5
8367
-6925
-9794
-1963
2001
-9325
-3101
-6568
2373
5115
-8688
7389
9437
-4966
-1697
-7052
-1667
-1012
9316
586
-3960
3870
-3208
-3642
4511
7802
5857
-3645
-5528
-2800
6725
-6189
1385
-3382
-7971
2954
229
-3647
-4159
8889
-9833
-7247
1983
-8424
-7853
3921
-4446
-9092
9076
4374
1777
-9690
-1738
-1019
-5668
-2055
5331
-4641
-3388
-9558
8463
6039
-8644
3121
-9349
2268
-4007
-7775
8775
5811
-1259
5168
5346
7266
-9931
8835
-4050
7471
-4209
5730
2679
-6921
749
-8261
-6177
-2054
-7392
-8230
-4563
7602
8871
-387
-8869
-2908
-4237
8780
-2548
-8193
7456
-4648
-4684
7337
8980
-141
8658
4375
1041
-4086
-2565
6999
-6002
-5664
-7186
8799
6466
6771
8573
1437
-6575
-7201
7266
-1854
3940
-5405
7517
8583
8037
-7104
-9099
3479
-4184
-3803
288
2496
-2940
7084
-7158
2880
6929
-449
-2045
-5725
-332
-3267
-1946
-7283
-1468
7381
9564
3042
-852
-3479
8535
-675
-5230
4138
8799
-6495
-9371
-8662
495
-1435
-4296
-7263
-2926
2215
-5812
-6444
8154
7444
8037
-461
3148
-2470
-5095
9766
-1020
3977
-6197
8211
-8052
3976
-3458
5786
-7115
2150
-57
3314
-9871
6848
4263
7417
3755
-4235
3498
-961
101
-2145
-8191
-9970
-4167
9133
-1763
-9074
-6593
-5688
4133
-7619
7764
2339
4852
7416
9875
-50
8779
5662
6351
4845
-8963
1894
6702
5309
-5277
8872
5995
1670
-3356
-2551
5401
3864
-8252
-6317
7004
6505
-1731
7964
325
3981
-2338
-3766
-1398
-2900
-4428
-7980
-3501
-1188
8094
-6301
-1700
4659
-9594
5775
-8337
7908
9318
-4792
-9664
-70
-4701
2442
-8016
6628
-8358
5291
-8790
-7959
-3023
-6656
7899
6041
5546
8452
8544
2032
-4292
-4422
502
-3969
6580
9971
4053
-7318
2004
-3489
2290
7441
3748
8425
9299
-2076
-7193
6257
1849
5076
6241
-8655
7255
1717
7276
4601
-8013
-2963
6001
-973
1644
7930
-1949
5760
2257
4868
-6965
-7627
-4020
6464
8033
-1861
-8339
9894
5523
-7771
-9112
4323
5779
-2539
-4481
-3496
1486
-624
5235
57
-3759
-9239
-6686
-1803
-4563
2191
3111
947
7109
-4669
-9575
1598
9041
7103
-2210
-7689
664
-8016
9216
3550
2514
-1779
5553
769
451
3350
-586
9649
9431
8417
4489
4001
-6323
248
-6539
-5648
-1302
5889
-6803
-6121
378
-8663
9244
9056
-6175
-2398
9348
-4045
-257
-9519
8583
5006
1795
594
-1406
-1403
1208
9147
4614
2034
-2279
2070
1547
7148
475
-4856
1247
6953
-3564
2353
6794
7749
-7898
-5398
3969
-7174
-9384
-8940
7466
9592
3483
-3671
-7974
-6097
4175
-5616
-1809
7945
-2370
-4805
931
-5444
7904
2581
-8270
-39
-1184
8716
7839
431
-231
5580
6988
4641
-9242
-8049
5255
-1256
3326
1308
-9339
-1982
-8638
-7269
6841
-3550
-8653
-2560
-5185
2396
766
8917
-3389
1490
-8730
-8562
5047
2404
8176
-3365
-1995
-9895
-2726
8051
-5049
5767
-9126
2371
1845
861
-8089
-4080
3171
6834
4046
-3510
-6927
-8577
4266
7325
-6420
-8061
-9220
7755
1234
3433
-3679
-2112
-1681
-1399
8673
-506
4640
-3472
9706
9687
8031
6848
-6093
-7859
3683
-4496
-904
-274
-4589
-5506
-8160
9940
-8739
-6515
6486
4360
4706
-1767
8315
-5509
351
-4748
-1831
-4671
-954
-2568
-4938
1012
-1910
4651
7997
-7262
-3345
5720
9230
4899
-3448
902
-5102
8768
-9575
-4258
-4111
-5744
2219
7109
9410
2059
6947
8799
-3415
4564
-7984
3962
-6953
-2572
1556
-6624
-2911
3350
7464
4602
5667
-9682
3938
-6963
2212
872
4113
-6959
-34
-55
6867
-5154
-7344
2469
114
-3275
4700
-7456
1264
-9666
-5941
6552
376
4724
1980
4849
-812
3526
-7336
7433
7925
-4684
5615
5165
753
1228
-6647
4236
-4276
-6125
3716
6436
-5010
1968
-5853
-1576
3080
7508
4465
-9166
-8716
-9113
7123
4654
-4121
5139
4144
3260
3278
-5919
-4301
-8529
-4777
170
-2046
-7808
-2890
2081
-608
2082
1876
689
2093
-876
1397
-2783
-2441
-1869
7800
7418
6206
5488
6356
-8483
2518
-7279
8644
-4728
-1735
2972
2377
2638
-7822
-2332
5767
5719
2184
-7375
-691
3898
-9075
1491
3212
1403
7630
-1096
-6550
6037
1731
-8788
-5157
6053
8187
-7476
8534
7058
-1461
4868
8359
-2686
-8127
1329
8003
9279
8228
1161
9654
2842
-8370
-8650
-1658
9340
-9170
-9923
3530
390
9566
-8721
-1852
5888
4281
-2592
3164
4292
-3962
-1056
6094
6475
-7481
-3211
5196
7411
-9649
-4730
9660
3559
6838
-8408
-6946
-5282
-1526
1681
-1957
4390
-6683
6700
2848
2717
-7127
3067
-273
3076
4682
-8219
-2940
7210
4297
-7814
5799
-4593
9810
-9253
3703
978
-9137
2358
6439
7859
2939
-5882
2732
809
6289
-3665
2675
-8883
6057
8853
3591
-1826
-2828
-6898
-2724
1690
2164
-6006
971
-917
6200
4232
-3049
-1296
7796
-7668
-8093
7736
-9054
1590
-6460
6685
4610
4608
-7670
5376
-4413
5978
6280
3657
7387
7213
6034
1163
1780
8030
-7939
891
-4224
6605
-478
-142
-7186
-522
3577
-4598
6218
4551
-4450
-648
3229
-8005
-2244
4796
-8416
5374
8791
-1726
-37
-6491
-4100
5527
-8887
7311
-969
-8909
-6493
9812
6513
4664
-9755
-4588
-5884
4787
-2652
-8916
-1328
-2161
6878
-3607
4896
-1557
-6796
1911
-8708
-327
522
7265
-745
6830
-6991
1437
-6991
4997
5678
4046
5326
9798
2244
2571
-4425
-9333
4650
-7094
-8469
9638
-6701
-3759
-5035
9198
-8895
4250
2040
-8899
3291
6043
4553
-4202
-8025
9763
6818
-5481
-2875
-3708
-2344
9474
-5031
5743
-3028
6589
3630
-7145
6957
4725
-6011
-8795
1554
-7566
-4544
4530
4698
-4664
3939
-8599
-1981
807
-2556
6047
3738
6439
1371
-885
4250
3494
6865
4219
-5574
-1316
-4054
1860
-9315
8171
425
-6818
3211
1564
-739
3380
-5802
5726
-2455
-862
6749
7007
9869
473
-2755
-1098
588
2674
-7641
-5540
3888
1757
2103
-262
-790
6336
-8049
-5494
-3905
1511
-6667
-3865
7393
-7542
-719
6222
-4165
5843
4531
2614
7988
7708
4603
-7087
7540
-7791
652
75
-5852
5261
7866
-749
766
9003
800
-2890
3645
7073
4884
-5049
-3194
-807
-8544
-1918
4424
-7351
-6178
-8539
6106
-2491
5675
6875
-365
5150
-353
6715
-4978
-10
3038
2207
-5382
-1524
2092
-1876
7953
-5476
-448
-9947
797
-474
-7465
-3805
8250
7856
-6182
3643
8978
9502
6855
-7828
-8249
6655
-5972
-1467
4807
1914
8897
-4036
-5956
-1226
-4293
1939
-1021
-1136
3459
-5369
5136
-8320
-8336
-1490
9776
9942
5096
-4542
6209
-2201
8462
-6890
-7815
-4524
1121
5883
-2855
-1754
5179
-8260
2435
-5054
-4251
4032
6318
-8611
9769
-639
-7103
6602
4761
-6983
8640
4244
-9139
7183
-4707
-5783
-907
-2656
9509
-2636
-9548
6036
2440
-4521
5967
-7615
2952
3999
7299
7673
2500
1278
-6066
-9839
7859
5222
-4400
-6071
-5411
359
-2990
3933
-1367
2784
6998
-2785
-5765
2729
-4222
7710
5353
642
-5233
5819
-1495
-4793
-5293
6058
-9187
9180
-2014
8547
6258
-2475
8392
8452
-9324
918
999
9896
-2986
8801
3751
2424
-2773
5855
-1920
6391
-6427
6763
682
7907
-4120
-7433
-6709
4977
1745
9533
-2962
4543
5094
-4986
-6065
-8768
-8275
-2635
-2071
-3085
-7397
-8497
4764
314
9162
3143
-2333
5374
-2145
2176
7941
-2647
9383
8325
7837
9387
3308
4487
6838
-526
-2916
8863
-6573
1081
8854
-2389
-6070
-8173
-469
3139
1331
-6423
-3197
1000
-3184
5730
-9243
-9093
-5684
-3489
-6484
-1902
6772
-9499
-1005
-47
-7076
6608
7553
7597
7549
-686
-2687
7298
-8080
1221
922
3925
-5075
6972
7828
2851
158
4817
-8716
7179
298
-4441
7293
8561
1928
-2566
-4674
5102
9703
-4811
796
2745
-46
-6097
-5732
7990
412
-8311
-6572
5983
-9526
2333
-3837
-7548
7478
-3007
-8317
85
-1070
4744
-4330
1444
-58
-2867
2183
-1043
6994
5214
1961
8579
8819
-4370
-7282
7883
-7638
-2043
1220
-6433
-1314
-361
-8529
-759
826
6940
7986
2629
-2414
5224
7244
-351
-4581
-7879
1832
9136
-7071
-2930
-7566
730
1877
2955
-101
8815
-4836
-6620
-8721
-4931
7988
-3514
-8244
-9381
-7946
-4381
-6490
-3267
-3790
-4853
220
334
-4055
-2609
9150
-464
-5446
3933
7093
2250
-7653
130
-8848
-8723
5472
8777
-5985
-9943
7502
-4700
7751
9354
3252
4361
7686
4928
7568
-8059
518
3224
-909
1026
-1972
-9987
5795
1414
8556
-8542
9213
-5637
-3209
-6231
1832
-5018
9874
3216
6944
109
8892
-4046
-2373
-8798
-5177
-5370
2466
1738
-2473
-9336
9329
-1459
-3741
9552
-5126
-98
289
-8066
-6283
9911
3097
-1116
-8213
-8574
7064
7267
-5394
-6348
7733
-3725
7865
2002
-2318
4756
-4089
5072
6095
-7045
2151
-8926
8784
-9818
-3621
-344
-1990
-1411
1105
5918
3110
9372
590
7468
-993
-4107
-9706
4066
-2924
-6986
3050
3778
-1174
7797
-5351
2149
5975
1930
1997
-2597
-6656
-7743
-443
1134
8862
-5283
3637
-5437
-9950
-650
-4563
-5695
-5936
6318
152
113
8326
-5936
861
-8349
-9346
-5415
-8450
-8964
879
-4355
490
-3550
2263
-6546
-5905
7293
7805
-7309
4709
-3217
278
5458
7259
8216
-4970
-284
9073
-2443
-2239
322
3352
5610
1732
-7047
-6637
-7304
-4805
9614
-8075
-5006
6669
8638
9543
1075
6921
2888
-7756
4183
9674
-9076
-9531
8983
-252
-2393
7312
7404
-4125
-5341
-2880
6223
-1604
-375
9688
1317
-8356
959
-3642
-1496
-820
4246
7752
562
-452
9078
1648
2446
-9245
4358
-4931
569
-455
1679
1780
6129
3866
4797
-6857
-6301
2680
1078
9517
9471
7603
-9521
-6101
2380
385
-2572
3412
399
7958
4829
-5848
8953
5568
-9417
7781
759
6808
-4310
2
-4051
-3697
-6290
-5787
9239
5901
4708
7450
-4574
-3925
6109
9168
9672
4267
1618
-9487
8301
7593
-3169
8899
-7981
1524
-8033
4086
8697
-6883
-7892
-4479
2139
5121
-9788
3869
-6184
4213
-6910
-3584
-6826
-7320
7732
-2024
-1460
3565
-6717
-2577
9685
-2609
-3368
4083
-5780
-6002
-6200
5850
2342
-9011
-5870
1315
-8290
-7466
1038
388
1685
-2298
6108
-8273
9356
-5408
-9034
9232
1453
5059
153
6428
9075
-1567
776
-7700
9634
-1099
3431
4407
-6272
-6060
-4327
-7173
62
5971
4349
-3533
2972
-3013
4214
-6360
-5510
9520
-5340
-4739
3932
-5773
-9348
1471
-7477
-5799
1132
1365
-2367
9353
8377
2721
-2659
1308
-8762
6514
4295
-6432
8003
-7881
3511
8313
1138
-7434
-459
3534
7410
7804
-4540
-7099
-5048
6568
-439
-5363
-8129
9246
2973
600
-8882
4319
1326
7116
-1005
9707
-5696
450
5832
-9708
-2158
999
-8151
7102
9762
1753
9810
816
-5026
-2243
6238
-6786
6153
-2822
3637
4765
4976
-77
2103
5764
-1282
3504
-9845
2886
3838
9239
-7414
-5333
-4630
6960
-563
2327
8729
4318
-7460
-8148
4036
2132
-2735
7944
4953
-3009
-2730
444
1555
-782
2374
5153
4070
-8897
1633
-4886
6212
-3987
7218
-6785
-3063
7674
-3661
-3066
1824
-5752
-8102
-5086
4992
-5014
1524
-8803
-4951
6049
-4731
-6927
-3491
-41
-2353
7395
-1152
-8265
3946
8857
-4024
3970
-45
5343
2578
-7266
1207
-7310
9246
3506
1653
7023
1573
1767
-3621
481
-8418
2478
-4605
-3537
-1144
6788
-5796
5364
6150
3134
2556
-4146
4491
-5634
-8790
-9209
-3518
2904
-9866
-5287
8232
-9927
8600
-232
-9142
2997
6749
-5023
-1426
5532
2225
-8122
-3484
-8103
-7797
4163
-6953
1922
6083
3800
-5877
3137
-4694
1585
-1200
-7795
-9803
-3386
-6937
3594
-5897
5175
7698
-8386
9493
-9578
4276
3642
-1888
9427
-6704
-607
-9598
2459
6795
6943
-4589
-7615
5912
-1512
-713
-957
-4739
8241
-2582
234
-6216
-9800
6807
-7895
-1803
9854
-7172
-6136
-1109
-5773
5565
-2515
366
4409
2696
4683
-7583
-7722
6295
6530
1952
7679
-2835
-4379
-1348
-2939
-4398
629
3542
-4208
3734
8445
-1514
-7684
-2150
7342
-3405
873
5823
-5177
-1084
-5587
-5024
87
7473
-6978
-3909
7181
4497
7914
-6055
4278
2005
9796
3811
989
-9631
6878
-3125
-2452
-9074
7002
9535
-754
9537
-9058
6770
9282
2521
4850
1661
-6255
3825
-6281
3919
7215
3365
-126
4146
-1325
3042
-3381
9917
-402
2058
-6781
-1698
9583
9425
1299
4426
-2508
-3277
-517
2164
2047
-81
4078
-1879
246
5972
-2241
-175
-2819
1928
-5454
312
-3179
2782
4422
-8345
602
-2137
2961
-7557
-8832
3443
4549
2928
251
4107
5056
-5320
-9637
9884
-2932
-1816
7110
1893
7573
8459
-2753
6036
6205
4575
998
8300
2084
6553
-2481
-2929
3680
6221
1269
9531
-7731
-4372
-4628
-329
3494
8205
1639
-4190
9436
-8274
-5778
6206
-7429
2794
-264
-8558
-4391
8040
8903
-5068
-9507
8698
5462
-8273
5661
-2678
9181
4256
-5570
-3302
6836
7186
-461
7546
1868
-6973
-4931
595
-5053
-2509
-4052
-3334
-5975
-8439
-3071
7698
6066
-5970
-6196
4621
9845
6811
-9931
8882
-6721
-9887
1094
-3068
-1027
5435
-5940
6627
1929
9559
-4945
-252
6331
2799
6722
-1359
-8379
-3869
-373
4861
-1615
9352
6712
-5042
-6503
8007
-9171
9860
-433
3643
-1051
9619
2906
2358
-1100
4031
-3884
-9523
-5974
-4891
-4253
2617
9618
-5921
-6136
-7422
-2901
-9005
9903
1623
2948
-9581
5173
-1018
9485
-8091
4495
5243
-6139
-478
6581
342
-2079
2253
8576
-8462
9271
-5058
-7023
2667
4404
5057
-6393
1204
4694
-5607
6359
633
3580
-5584
-3353
2054
-4673
3568
5349
-9631
-9233
3243
420
958
-8442
-1774
1285
-8757
3395
-6123
-7058
6926
-8928
129
-1457
-4344
591
-2969
-7868
-3543
1003
2541
1115
4979
6812
2600
4081
-5093
-3457
-7001
-3614
-4808
173
2903
-8999
5666
2309
3433
8985
9902
983
9837
-344
-6126
9021
-5818
3517
-7862
-2256
-5776
-8632
-9481
-9163
-2176
-9279
-349
8956
-2293
-1868
-5693
7362
2108
-5178
-6143
-9307
-2467
1766
-7611
5696
-3436
3633
-2989
-7840
4293
7282
4730
1435
2069
-6821
-2779
2737
-6188
3790
-2728
-3530
-768
-4373
8268
2551
-2395
145
5637
9329
7289
2684
978
4116
3896
-4878
-8790
-4388
151
1848
-876
-9168
-9913
3018
2929
6371
3817
-6733
1863
-926
-3624
9153
-5256
-6311
180
6479
8930
5367
3035
1951
-7207
2727
-4318
4438
7020
-4411
-8276
4822
-279
-2721
-1093
7149
-119
1164
-3652
4922
-2740
9660
2450
2864
-6443
-7500
-9911
700
-8525
9528
5655
-4363
-1697
-842
-1296
9509
-8179
1236
-563
6433
-6449
-3958
1481
-5347
-5131
4568
-5797
-4109
4719
2721
-9599
7616
-2687
-497
-3736
-8539
5718
6553
7913
2427
1904
-5686
36
-4594
-4906
-4832
-3950
-9272
1138
5006
6250
-8887
-8946
-4828
-3918
1118
-5709
7499
-3897
8864
8481
-5321
1957
-9087
4430
7925
297
-9921
9582
-9739
373
-1597
-5151
892
-2036
-2492
7715
186
-9322
9583
3527
3083
-936
9674
-3438
-1881
9075
2757
-8349
2964
-6730
7537
3193
6032
5618
815
-8323
3179
-9882
-210
-9167
-3826
3587
-4206
7718
1183
1380
-4073
4023
-4800
-7272
-5480
-4486
1073
-1679
-5122
7390
1514
-1202
-9830
4258
-9939
8182
-2923
-7958
-9579
-6881
5928
2327
9788
2659
-8463
-7193
511
-7289
-7324
-1501
5146
-8346
5028
6899
-4402
-5473
-2936
8314
-7055
-2212
-1841
4281
-1809
7367
-669
5294
5076
7256
1813
-7494
419
5624
3837
-484
-2178
7650
-5168
9668
-2078
7319
2491
-4269
-1672
-263
2868
7889
-2110
-9666
7998
9087
7427
-6794
-5743
-1597
3993
9408
1211
-9768
8037
-1685
7972
-3978
-103
-4463
6092
7072
815
-38
2680
6397
3951
874
9469
2097
7604
4961
-1617
-6693
-983
-6528
5924
4212
6631
-4284
5799
-986
-6776
9059
-8531
4930
-9305
-2928
4498
-6385
-3953
7405
6281
-3365
405
-2885
4372
-3720
-4032
-1560
-9238
-6579
6162
-1991
-1263
3973
4106
-1413
-9981
-448
5625
1267
8224
-7554
-227
8213
-3915
-5082
9745
4881
-1357
-1906
-2636
-7907
3034
-4750
3411
2354
-8051
5936
-3794
-7942
965
-8640
3310
2009
-5275
-3466
-7929
2061
9553
-23
-664
4228
-8371
-6506
-3015
-4828
-7037
3450
-4922
-924
8861
-5001
1757
-7941
-5267
-2177
6049
4619
2580
-7583
-7878
-381
7349
-1188
-3918
-3507
4467
9883
-2105
-4971
-7182
-8543
1318
-8627
-6380
-3764
5182
-7527
9182
-735
3536
-1721
6304
-3802
-8125
5539
-6092
6614
-7327
-9395
-5400
-8219
6139
-1100
-8409
-1598
-668
150
257
-3457
2453
2584
-3906
9535
-8575
399
2970
9996
-4811
5207
-9414
-9951
-5314
-7795
8386
3598
-8562
6476
8619
-3988
-2732
3583
-4165
-1822
-4592
-9594
-2484
6933
7338
-4738
4261
-6857
-8036
6991
2652
6152
-2718
-3654
-9979
-5672
3673
-3565
1206
9443
7589
-1614
6601
381
5406
3249
-104
4742
3254
7029
584
8401
-8689
-3832
-4732
-4525
-9191
-5237
8622
-5789
2941
-7123
-1965
-5940
6171
4258
-5734
-3427
-6039
2654
457
3061
7125
-1915
4938
-3977
8222
2273
6896
443
-442
9390
2742
-741
7817
3708
-9901
-7458
-8996
3650
-4980
7365
-3420
-6131
-1746
8276
9426
1823
-1658
-9496
813
-852
-3154
2080
-9943
-9873
5477
9299
6415
-245
7648
7323
9281
3867
-7837
-4555
-5432
7779
9279
7452
8892
6616
-4600
9973
-8421
6946
8376
2807
-968
5642
-5860
-8280
6828
8398
939
-4969
-5726
5099
6286
-2944
3147
-6002
-4568
6401
-9495
4527
1440
-1960
3314
6030
1926
-226
-938
6663
6945
-6539
-7870
-6144
-9132
9348
-2187
1662
-8783
799
-3863
-2964
-589
2208
-8947
4711
-5889
-5949
-1617
-3095
-5249
-895
253
-9599
-9118
-2830
1502
-398
-451
-3800
6749
2894
-5367
1400
-1798
2442
-366
2287
643
-7112
-4353
-107
-6985
3350
6957
2309
-4518
7615
-3414
-8992
-3183
9133
-1208
-5999
3583
-114
9751
6982
-3368
2946
-3751
8221
-2045
-2622
3310
-7366
-7286
5957
-4359
1451
-5517
8997
9177
-9398
-1674
8692
-2484
-6461
4168
2447
8761
1227
4002
9407
2763
-6636
-3421
-2922
-9986
-3191
-118
-4368
-9651
-5639
7759
9518
-387
-1297
4338
-8706
1877
-9784
6990
4972
5843
1117
4725
9119
-2184
-5679
-611
7892
2614
4438
4917
3653
1602
-7357
-6745
6284
-9237
8020
-4250
1203
-3560
-2778
-2634
5714
-5226
-9387
7540
2924
-8329
6978
-8361
1475
5742
-7004
-6137
7288
9600
-7565
-5695
8841
2610
5572
-8871
-5225
-7807
-7313
-214
-1466
6265
-6738
4213
-2127
-50
-6923
-4234
-6995
1522
-6647
-8458
9048
-8922
9343
6021
-7255
8203
-6306
4073
6401
8946
690
-7075
-9144
-3742
-4263
5443
9950
4650
-2038
3650
-6719
7738
5109
2397
-4462
1645
7768
5511
6699
6931
9538
-537
6297
-1145
-3559
-3328
-9471
9203
-702
-8893
-2607
-1970
-6493
-1327
5538
1488
8056
9651
6492
9023
-837
7177
-2421
-2968
8483
-8799
-2913
-8538
-5491
5724
-1440
-5093
948
2761
-1926
-1131
7082
4971
-5877
-7016
9043
3095
2248
-9065
-6587
9064
-8311
-2415
-7035
-8039
1931
-8919
5721
-8391
-3374
-3032
-3812
8148
-9234
-9566
8587
237
-9501
-3072
-9729
-5658
-2511
-3348
4963
5464
-9230
-6697
8988
-4127
-1461
-9004
-7348
-2310
-3751
99
-1225
-787
1776
3876
-8078
-380
-373
950
-9140
6140
-6636
2442
-5393
7611
3798
4683
-5260
-8480
5164
-2165
-1193
2025
2229
-7945
3376
9852
1348
3445
-3012
3210
-2195
-5382
5950
8740
8064
-839
-4818
120
-3142
-632
7600
-6950
655
4954
-7487
4126
1969
-7422
3991
-605
4807
-5558
-1506
8791
9692
-6376
6986
4492
-3705
6954
8593
4041
5562
8629
7923
2234
-4312
-9837
9585
6100
-6274
1026
-6458
-9242
-6146
-1913
-4989
-4263
5593
-7258
-2533
760
-5090
-6738
-6804
-660
-2227
3778
6709
-2029
-8514
9178
2033
-9754
157
-8776
-4995
-5680
-1047
692
-1321
6280
8687
2421
-9290
6606
-3195
1048
-8694
6557
-5220
13
3111
-2207
1906
8271
4410
-2423
4688
-4926
-7569
2542
8110
7823
1846
8046
-540
-1315
-1199
-3297
9868
2373
7760
-2843
-1662
305
-6109
-4394
-5136
-2746
-3666
-4878
-6405
5457
4019
-8378
8539
-3839
4238
-4169
-4560
5335
-7319
-1764
3211
-5584
-4378
7359
-3614
-358
3206
9724
4485
2929
-8733
3132
-57
-9441
-7609
6958
-6726
7032
-1979
-7027
7688
4519
3068
4515
2709
-2541
5655
2529
-1600
2193
-5804
-9787
-625
3617
-2818
8447
-3585
8721
6883
976
4305
-846
1622
-3523
-376
-6770
-5169
-3848
7551
3103
-8476
-3358
100
-4289
-4705
3069
7137
9042
-9597
-7714
9068
5979
-889
-2276
4909
-4576
2872
8004
-5441
-1433
6767
-2266
-2703
-9031
490
8320
7299
5761
1713
-7673
8601
775
-8712
1745
-1053
-4886
-8678
-3410
4934
8058
9139
-1478
6098
-9566
-4755
7046
4327
-2548
-4075
-2663
-14
-6082
7676
-1080
-8666
-9060
4865
9785
-367
3135
-1791
3005
-5125
-896
6736
-1284
-1454
2559
-1837
-3667
-5903
-5261
-3219
8810
-7251
9108
3715
7179
-2270
1338
-3784
-701
-8491
-8439
1235
6985
9327
5460
-8204
7290
-2885
-8747
-6136
3988
-9987
4393
-4425
7082
-878
-9926
7225
-5758
-3958
-1780
2985
-7725
4451
7023
7977
5582
7085
-1454
-5817
220
4451
-9897
-2288
9376
-128
912
3249
6729
4573
-4903
8826
7095
2558
8064
7264
1428
8905
-6597
9986
6206
5977
-5409
2732
6027
7249
8563
3097
5752
6838
6850
5255
1892
5275
4657
-887
-1810
5682
1524
750
-2366
-5147
6397
-5238
-9112
2286
-7446
6882
8131
-7848
-2250
2603
3172
2779
4881
9631
592
-8628
4689
4113
-4349
4240
-3875
-7294
8686
-355
9057
-7061
7566
-378
-284
-7345
4195
-8331
9268
-4390
-9414
-5416
-2494
3923
8575
6775
-1250
-6953
-9138
-7632
8926
8608
3544
7492
-98
-57
3186
-6991
-4596
-3315
1692
3538
9814
-4384
6499
-2804
17
-5040
4179
6891
1235
7112
5238
-348
1968
9299
5093
9488
-736
7932
6347
4393
-7088
633
4081
-179
3410
8197
9350
9497
-4134
6077
4217
-3712
-4269
-8135
-1608
-4413
7265
6614
-9958
7294
5384
5555
-18
-145
872
5818
-317
-9555
4429
-6102
7560
-6898
8974
1248
798
-1105
-4471
-2008
-3934
-4014
-3978
7529
1474
-6717
-756
1324
3486
-6277
-3616
-1547
5096
7087
9604
-4797
5089
8635
9126
1089
-7089
2887
4332
-4388
-1105
-9966
4311
-1671
3987
6196
-7528
9973
3739
-2764
-5939
-1392
-6681
-4484
-8351
-7291
-4635
2025
-1873
4871
8469
-9516
-9730
1561
-4541
-792
-4377
9911
2770
5206
-535
-1552
-7420
-1861
-2882
5665
-4097
602
2687
-6168
5414
5859
-3873
2715
6792
-8597
4997
5944
-6318
-8048
3267
-1739
7618
8861
-5585
-9726
-2326
1900
-3422
-1891
-7541
3708
-8111
-7950
-8626
4912
-3938
-6726
-2598
-7022
-3070
6743
-4300
1891
4863
-201
2269
-7116
-4069
5979
-3721
5655
-8332
8724
-959
-2030
9860
299
6694
-7447
-4440
890
-4121
2660
6727
784
-6734
6129
7141
6093
-6557
-4856
6383
-8208
-6067
-8188
7473
-8973
-4431
5664
8542
3928
-2274
-7651
6789
-9690
6853
5025
-9843
-9903
-3335
7331
2207
-7697
-9275
6548
4633
-9551
-1555
-6681
-8528
3499
8809
-3161
644
4896
6168
-9817
4845
354
838
8097
-3712
9883
-7956
-4921
-2438
-9158
8043
2050
914
9881
-2274
9419
7515
5127
-5971
-9158
7968
8355
-4525
-4275
8098
-3689
-8910
-6006
-4174
-1089
-4843
8537
508
7681
-4273
-6746
-8895
-4670
-1632
-4537
8410
9309
3754
4134
-9155
-5715
-5759
-7618
9762
-5581
6362
7921
6702
3031
1413
8633
-2225
590
8799
-8182
-2032
-474
338
-963
5146
8873
9380
6686
164
-8328
4365
-1733
7351
-996
7019
7907
-5511
-3683
2745
-166
6802
7135
-313
-3313
-8387
3550
4839
-7632
-3766
-5543
2186
-2930
4863
-3819
7054
-2560
-3247
7499
-1553
-5619
5760
2855
6311
9031
2169
-5774
8240
7525
6917
-7180
9568
-1507
-1998
-6423
7530
6425
7244
-8068
2817
7302
-745
-2877
9630
6631
8499
-5659
4992
7385
-1507
-8805
-3792
-1759
-8294
5375
-6821
8444
1147
-7528
-4252
-5413
8136
-4566
852
-3132
1027
-9269
2714
-2183
3509
-1503
7353
-4659
-795
-6518
-9109
5222
-5114
411
9313
-4761
-2941
419
-5023
-8893
7932
5387
1294
-4246
-7276
-9396
-564
-6036
7595
9555
6858
-9178
-1223
-7936
1896
9611
-5516
7159
-6200
8890
-6139
1344
5856
-9482
-5096
-3978
-207
-3462
-852
-1281
-3456
-8357
6634
9859
1171
-2425
-3647
-2550
-4749
5878
-4608
-679
-8068
1473
-7216
-8465
-3193
-9406
5655
-4062
5376
-9369
-5597
-8904
-4057
1554
-9980
3424
-6249
7668
-7571
7236
-5410
-4737
3647
1936
-1773
-2814
-1244
-6243
8492
3663
8144
4941
-4286
4798
-9878
-6364
-997
-7807
9993
-7464
-8919
4824
-8144
3022
594
-8634
9429
-8685
-8243
-7133
-5654
-4848
-9628
-8160
-9852
-6237
7082
-8962
6942
1658
8923
-896
-5743
2223
-8696
6552
9694
-5052
2467
-8930
-6263
28
-9984
-3086
-1981
3432
2747
3763
-4085
-2030
-9544
7820
-3399
-8469
-2755
9269
-4521
-1519
-6344
-2681
-7374
1084
-6621
-8651
-6264
1314
8283
8036
-9843
3043
-4849
3666
1176
6042
-7170
6583
9491
3257
1452
1683
-9937
-3983
-4382
1753
4771
564
9839
-1629
-4081
8074
2526
9568
8258
2282
-5112
9826
-741
-3014
-7591
3271
9374
1513
3103
8036
1206
-9279
1701
-158
-537
-6445
-7093
-5006
6133
453
-4052
5081
9765
1437
2473
-1673
-1757
-1647
8190
173
4186
-7015
-4053
-6903
-8071
-6554
-7389
2280
4075
-7749
3467
-2063
-6239
9664
521
-8577
3163
-5829
-2409
-1357
-5425
-3573
1813
1104
-6551
3016
7110
-7461
-7331
1152
-5072
375
6445
4192
9585
-915
-1875
-6463
2137
-2016
-310
9876
4594
9070
-9623
1501
2833
-1959
-7193
-2949
-2910
-42
1531
2684
-4896
-1100
7442
-5009
-2622
-5350
3572
-9749
7818
9001
-5910
-8550
465
-6665
5661
7553
1502
7951
-3902
7681
2743
-9007
-3452
-1729
1387
25
-8265
1878
9450
3504
466
-7030
2405
-906
-3535
6124
421
-9522
-2349
4395
4886
-7492
8006
-1578
5104
-3960
2398
-5810
9270
-7632
3271
4656
9377
2816
-7358
7342
-955
2491
-9191
-1823
9328
-8613
-1006
5742
-7805
2890
8101
9341
9119
8838
-1885
-1307
-3907
-3582
937
-6541
-9785
1240
7471
-1430
5620
297
766
912
3269
-9692
1455
807
-3881
-7977
8609
1650
9992
2997
-5819
246
-4246
-4278
1097
6402
-6882
-8625
-3165
-6884
8917
5589
4130
-8046
-6575
9602
8806
-4768
2392
6281
-8094
3639
-2898
7771
9225
-9939
9213
5544
7912
-9061
3991
-4501
-2143
-6972
6638
2953
-3757
152
4874
-6395
9418
-9720
7888
3231
-6357
5409
6657
-5288
1227
-9945
9020
-5666
6493
5787
8747
7180
6737
-6915
-568
-6117
-7734
1251
-4500
-9153
6884
-543
9146
-1380
-4894
-9012
-9836
-1026
-2888
-5683
7036
7858
5890
2410
213
5051
1622
-5038
-5592
-4573
1361
3011
-5736
855
2252
7037
8189
170
-7670
6412
4864
7959
875
6016
-3023
-4239
-4954
9320
8318
15
8705
-9374
2727
-692
6052
-8972
923
-6869
-9758
6805
-9980
5792
8677
-8076
-8068
1139
2513
-5995
-5424
-8365
7795
2501
-2026
-41
-3386
1631
-4212
-7493
-9833
1769
5879
-7991
9714
488
-8171
-9306
897
8678
-4586
9353
-7592
3562
-6128
6156
-9532
-869
-8374
6854
3547
5758
-7363
381
-9931
2911
2163
-8070
8281
1236
1606
1895
-2087
3533
-6277
-447
-9024
8397
-4468
4569
-5639
-2191
-3432
-2327
-9671
6717
5688
-8681
1408
-2308
1511
-1583
8389
-5656
5705
-5739
-1641
772
5441
2825
-7134
5708
-3065
-4036
-8236
-8483
-7135
7951
7288
330
3393
-1766
2338
-7339
221
-6392
-9190
-1424
1659
5396
4455
520
-3844
-9718
-1678
-2780
6611
8295
-4801
-5878
1666
8939
-709
-1205
1994
-3224
-3149
-1868
265
1794
-2835
4537
-8679
725
3956
8354
-4953
6092
4827
9569
-6748
-9108
6172
-7656
4550
2074
-6043
-5800
4235
9586
8642
-101
-2994
2830
-1953
2107
-2811
-5214
4465
-6196
-5759
239
-444
6748
-8324
-8105
-6008
-6309
-7039
-8933
-1221
-9765
-4744
-8710
-4646
-2827
7557
-2839
2511
1145
-5234
-1964
6970
-2829
-3640
-6970
-1956
-6165
-8769
9990
410
-5415
880
-6227
-8123
-8811
-5133
7772
-1996
7030
-8000
-5585
7226
-9248
4985
7767
-5151
9466
-3630
-6778
-3170
6902
5000
-9147
-9965
1226
-4633
-2291
4772
1541
-5171
-6323
-2189
2715
6413
-4352
-1693
-5945
-453
1928
-2696
8865
8904
1671
-659
-5614
-767
6078
-3026
-2296
8057
1711
7927
3639
2448
-2037
-4589
-4942
-1593
9137
1293
-5032
4875
9086
-9977
4487
315
-1281
9165
7044
-7568
-6270
2228
993
-1601
1079
-1766
-2983
3844
4971
-5152
-3243
-1510
-4193
4841
1870
-792
-3206
-2267
-8009
-7959
9425
-9424
-165
8061
9823
-4846
-8150
-3283
3666
-7741
-8426
5869
-1732
-3916
-6193
-5041
5828
342
6641
1514
1249
-2696
-3504
2567
-7042
-9545
-5195
-9108
68
-4140
2201
8674
-5587
2134
-5111
503
-1594
-3856
7957
-4130
-6055
4087
6255
-9909
6524
6383
5684
-1251
3727
-2889
-3387
6870
-908
2187
6963
-4108
-7119
2464
-655
4468
4646
-5877
1314
-4413
-2696
-6048
-9538
5161
-4211
-6123
-4432
-9826
-8216
7807
-3146
1747
-7071
-4886
4307
-4517
1531
-5938
-1456
9762
8118
-6960
9598
-2925
9111
-8282
1976
-9258
-6809
-1961
5503
-5123
-7177
5053
-6240
8303
-5950
8076
8011
4855
5660
751
-973
-9313
1524
2979
3750
-7323
2049
7168
-5119
-9198
9531
-327
-7297
-5472
222
4123
8112
8136
4330
5236
3671
-8494
3975
-9588
-382
2325
-8191
7163
-6277
5157
3328
3859
-1630
-7339
7408
-7236
-3833
-8235
-7310
-6688
9856
-5463
4974
7056
30
1799
-3079
5321
5832
-3017
-1252
6765
9771
3723
-2619
8763
-9398
-49
-4823
1713
-3632
9164
5449
2543
-8573
3531
-3606
7175
-4274
-1850
-797
-5340
-9129
-4873
6853
764
1999
6938
-6911
8581
-6174
-5991
-5559
3679
-9829
8074
-6594
-4821
-2271
-9811
-5709
4585
473
-9520
4085
9821
-2728
-873
-9731
8384
5899
-942
-8656
3277
4579
-3740
-2543
-2086
-2783
-4956
3405
7695
-8328
-7202
-3534
9619
-7300
5501
-7122
1979
-6839
2101
-3738
7202
8602
3206
1321
-4495
-9793
-5032
7371
3438
-8150
6057
8713
-6749
-6554
-507
-6277
4619
2363
-6894
9145
9987
-6547
9273
2271
5327
-1890
5933
6817
9997
-3380
-3935
-7990
-832
4965
5231
3529
3243
9299
-1179
2558
5881
2261
341
-6782
-9395
8070
-8051
-8511
2883
-6636
-7188
-8288
-1159
1130
-136
2773
-5754
8866
9628
-3147
-5176
-4789
9201
7586
7576
5842
7913
-6318
-3139
1114
1535
-3024
-2830
-5832
9998
7797
2435
6735
8922
3621
8391
-1691
-8804
-4909
-5550
-4453
-5871
-1030
-2142
-1399
-6794
4594
-4757
-1749
-9316
6393
9871
-7650
-4330
5085
-7455
4752
4509
-5615
3561
2309
-7653
6037
197
3048
-3289
-2619
9390
-9030
-6181
-8680
2406
-4096
4164
-4613
-6770
935
4898
-8146
5521
1732
-4911
8528
-3117
-7579
-3240
4919
-3924
1976
-913
2608
4803
420
9477
7968
-4451
8038
2229
148
-3530
698
9938
2765
1585
-437
8491
-2894
2234
5538
6597
7374
6831
8244
-3262
4570
1663
-5862
1004
-5734
7582
-4528
1890
-2152
9664
-619
4260
437
5931
3344
2087
-7178
8277
-9517
9017
-6416
6506
-2379
-9166
-2108
2279
737
1562
-2922
-4969
-780
658
8766
290
3423
-9561
2346
-9310
5718
-9959
-2224
3996
4130
-2349
-8404
7828
-6406
5041
-4730
8018
9428
7058
8174
-2205
-6298
-5111
4040
-3422
8563
-8312
3601
-8613
2426
5806
-9486
-8568
2156
5360
-9611
5581
8591
-5524
-1558
8232
4066
9019
5307
9519
-4568
-9859
-555
8734
-7035
-8460
-9615
961
-5134
-500
4587
672
-6394
-6606
-3824
103
5155
-8957
-3560
9203
-5351
-3645
8749
-2858
-2626
-3936
-3260
-4637
-3020
6864
-1025
-2809
-3594
2024
-2794
4991
2181
-1625
4236
7068
-9879
-4928
5659
-1569
-650
2830
-9887
9157
5351
8918
-9603
5005
7530
3714
6893
3308
4995
7820
-9395
5811
37
-1740
-9964
-811
4173
-600
-5158
-4760
5704
5605
9765
-170
-7223
-3311
6698
-7607
-4364
-3027
-4269
8605
6554
7779
-3400
-6497
9780
-1296
-17
6861
-8020
-3189
-5376
-9416
-5626
-5807
-8856
6124
-3906
-9366
1481
5467
-2705
5747
-4270
6900
223
-5186
3186
-5246
-7151
600
8204
1479
-679
8823
-142
2652
-9559
-586
3607
6260
3646
-5949
-2164
6441
-6178
6186
1208
-5576
5854
-6012
-2274
3952
-3054
3567
8776
4953
6710
-3411
8333
-1799
-7222
-1793
-3548
-2495
3569
-443
1490
-5237
-7169
6314
-3467
-8691
4476
-8165
-9786
4191
