-7151
-2699
-2677
7490
2812
1123
-6032
-5484
-3563
4576
4219
4840
5541
-8270
-8644
4298
-969
2936
2087
8039
3720
-2715
1290
3897
-4875
9279
-1938
4008
-9282
-1527
-3542
-9776
-5758
-4562
-6885
510
-2786
4543
-8461
7070
-3733
-8178
-1135
-882
-4446
9937
-3748
1098
1875
-4188
-17
5581
290
-8265
5037
-909
2364
8414
5872
-252
-5978
5320
-8697
8058
6711
8789
5081
814
-5853
-883
-6662
273
2658
-7464
-7169
7876
-2067
-7725
-6817
6484
-5974
-89
7637
-7292
-8682
9404
-4595
9261
5035
-9291
-4252
-9920
1791
-3429
-2185
1797
-6733
7769
9005
-3205
