-5360
1351
-4182
-7137
1084
-814
7703
6192
2205
-5876
4666
7473
4415
-3097
-7626
-7638
-7068
2833
206
-4338
9633
-9777
-7107
9047
-7841
-1130
-4388
3665
408
-5448
-1978
9322
4629
9371
-7266
8112
-9665
-4172
-8271
7764
5039
-5273
9016
-5933
6326
9465
7925
-8340
2351
-6169
-8246
8464
1164
-6356
-4782
3543
-9171
-769
-6739
-8409
9500
-262
-5106
-302
103
-624
361
-522
4085
8466
3110
4253
-6180
3334
1418
-1158
9337
-2680
-5714
6099
-2335
3411
883
5839
-5056
-4284
9846
-2959
-9597
2701
218
-7853
-7908
-5259
-7621
8892
6597
6391
7478
-8281
