1505
-4383
-9673
-2191
-7950
3892
-9958
-4189
-6284
5932
9809
5494
-7988
1570
-9902
4136
-890
-6882
4463
8299
8504
5669
6537
-4997
6119
-7548
-2664
677
6211
-9836
2063
9428
6476
-6204
541
-2938
4714
6710
-9357
-3433
2343
455
-6218
9112
8780
-1284
3449
-3839
3870
-9117
3961
5223
2614
-5914
3923
-8145
9820
-5824
-2053
-7994
8749
-6249
4485
3205
-5402
-3991
-8712
1413
6973
-974
1471
6560
-2818
3056
6816
7021
4933
2030
4562
2245
9660
1306
941
1442
6162
-1294
6925
-333
2274
-5119
-4197
-5694
-4135
-112
-7192
145
9066
1940
-1309
1034
