-6389
-1232
7463
9341
8433
-6766
496
6424
5146
5264
5031
-2278
5906
3464
-2739
-350
8063
5138
-9850
-5198
5478
8294
-1551
-9728
-912
-3311
-946
2609
-7492
2178
-1652
120
6656
-2382
6111
7287
-9336
9708
2989
6919
-4587
-3260
9734
-2213
-8141
-7697
2686
6939
-343
-2559
4750
6320
4307
-7190
2881
-184
-6399
8103
9177
-2656
-4626
6607
9969
-6997
8270
-9240
-5780
8758
-7737
-4726
9065
5079
620
-3919
6694
-1115
-121
-5892
-3147
-2259
-6220
-628
186
7595
8693
5288
5114
-9588
2242
-9132
1096
-7937
2567
-259
3183
-6652
9696
-1345
-2120
1376
