2351
-2213
-9167
9751
317
8570
8969
6577
9790
-8853
2588
9225
7441
-4471
-105
-6808
-2025
9261
3161
-5073
-8898
7664
487
7933
9555
-2733
3032
-5613
1180
-6483
-8512
-4705
-7539
-813
1348
8045
9882
-4867
-6433
-6539
7843
-5177
3463
6480
-499
2688
-3450
2789
-8903
-2314
-2405
4726
-1334
-704
9410
9012
-6468
-5741
-7615
9549
3003
-5863
-9301
-3920
-4581
3941
-964
5056
108
-3588
1849
-6866
1207
7318
4388
-3934
-6627
-7539
-3765
-6889
8157
-8518
6638
-1630
-189
5528
-9873
-3671
7120
-1619
-5456
-2655
2248
2789
-9055
-4924
-5439
-7469
-3057
3680
