8618
8038
461
4557
-6748
-7904
7369
-8596
4808
500
963
-2575
-4196
-8048
-6991
599
-8771
-791
-6133
2874
-6456
-6699
5999
7587
294
6429
-4836
9196
1762
-5263
-7904
5239
-9852
-1907
7510
-1164
-1927
2993
-6266
-5362
2842
-9696
6482
7517
-5916
-6411
9689
-8373
-2540
8236
-9220
7828
-2960
-6327
-9350
4787
9862
4236
-4272
-4512
3271
1720
-7830
-8906
8922
-1407
8822
-9140
9576
-8352
526
-4778
6987
7273
-5046
9936
-5586
-3501
9698
-6149
-3341
-8199
3239
-8139
5453
4376
-9110
-5851
8277
8481
8867
3223
5555
-6423
1059
-416
-7906
4857
-6125
8751
