1927
5939
9679
-5091
18
-8163
8579
-5977
-4463
-895
-8171
-5956
-7189
1672
1216
-690
-9017
-1095
-7534
6611
4786
-8031
-4602
5875
57
653
9773
-9194
-2309
4671
-2594
-5145
-9991
2448
-8645
3090
-6531
-3937
8219
8626
-629
2291
4152
320
5818
3568
-8923
1424
-801
-2370
-6890
9100
-3352
-6257
-2812
5240
-8111
-9989
6825
6124
-3227
-7116
-4971
-1132
9317
-5210
-4993
-5924
-3790
8647
-397
-7089
7181
-7604
-9944
-333
8997
6923
-8630
2114
9427
9794
4135
7354
-5470
9402
5892
1088
-6840
9300
-3087
-4647
-3877
5190
4984
-7979
5456
4335
8357
-3998
