-1000
3668
-4584
9919
-158
-5049
-4604
2672
3846
4446
-970
3263
-7486
6905
7468
2888
3110
-3824
9816
8709
-5278
-9394
7663
-9493
575
-2191
590
8253
-8742
-1370
-8236
6236
-3196
-9225
-669
-5395
5691
-3045
-7352
-5992
943
6251
-201
-1623
3913
8482
8494
2865
-6261
4432
9563
-3558
8066
9649
3965
1379
-6192
-4270
-9753
6285
2439
-114
3052
270
889
-4666
310
929
9228
-1734
-5827
2352
-2933
-2263
9329
-2211
7504
-7227
-1865
-1620
-5977
-8100
-2686
-1465
-9884
5652
-1792
-4676
-5928
7300
3847
1346
-8042
-4190
8768
-4829
-2192
3700
3385
-5458
