408
-1660
-3666
1829
-2321
-6040
3096
-2931
4011
-1256
-7573
7513
-6245
-4099
5
-7810
-3313
5893
-1732
-5677
2392
9483
-1116
-354
-2672
9441
-8744
9755
656
-653
999
-5768
-8130
7266
657
-2716
1967
5774
-409
2643
-6918
8773
6388
-7157
-2703
9646
4810
5691
8618
2958
5750
-1876
-8583
-3747
-9985
1947
-743
-8180
1454
-5937
9569
584
4470
-3136
4384
-3180
3566
-6180
-739
-6556
-8630
7557
-8147
-2598
8093
-3750
-7998
2511
4621
5206
-896
1951
6029
-4758
3209
7642
-6561
-1372
-9798
-40
-4618
-9326
-5281
-1228
5762
3165
8687
1337
794
5208
