-5433
-509
27
-597
6006
6264
-7124
-768
-4232
761
137
7744
-9338
6025
-2299
-1051
6780
1356
-9419
7804
-9303
-6832
-2430
-33
4479
27
-7047
-1254
-8749
909
-2017
-3991
-4427
-2292
9654
-1608
5822
6795
5690
-2451
-7439
-4118
-1888
-2588
-893
2823
2875
-7699
-5432
2630
-6049
-9595
1297
-1605
3466
-9622
-9213
8141
-33
5081
793
-4902
9958
-5448
6980
-1448
5652
261
-8838
-4557
4627
-481
8114
3228
6419
-4611
-5827
-7572
1819
4065
3355
-4067
-2999
-8151
7208
8595
2546
4107
2256
-5807
-1044
-6673
3032
-9368
-3129
-1955
3615
7950
7603
-835
