1795
-4095
-6938
-1340
-4749
-4137
-9016
-5418
8508
-6726
-4838
4729
-3143
1108
1694
3089
-4558
4840
7356
6933
-7543
8048
-6647
-6910
-8230
-2233
-9542
5979
1803
-5956
-8950
-5455
-5086
6254
-8178
2393
1664
-3821
-2007
4961
3168
-7774
1898
-1584
4758
9331
5342
-8528
8451
-5508
5252
8535
-6976
3036
7699
-1417
-9361
9826
-5771
3178
9988
3476
-1830
1703
-7108
-1106
9439
-6137
9626
-8580
-1837
-1548
-744
2749
-3236
6365
8991
-2009
-7987
-6010
-1901
-986
-6170
1546
-5645
-1270
-5297
-6544
3587
-4576
2497
2361
9215
1415
-3057
-2201
7891
8047
9444
-2760
3584
3546
7846
7584
1360
2621
-3782
6778
8404
-9815
8944
-7663
4685
5235
-459
5612
1635
1582
9193
-8177
4037
2858
8819
-1735
3559
-5260
-9980
2538
-5206
-4478
-2698
-7967
9232
-5051
-2679
-7529
2869
-167
-7558
8268
9789
3757
1502
-3908
-8729
3160
7793
8641
-3378
1398
9731
-3474
-9181
-4884
-7408
4362
7558
4448
4102
1915
1225
-8077
9344
2473
6662
8114
-1562
1277
3025
4965
-4218
-656
-7534
-4938
6275
8948
-8259
8226
-5470
5881
8615
1538
1888
-654
-4814
8745
7899
4072
-6513
-3780
-9526
9199
-6184
-3244
7454
8924
437
7652
8374
-942
-2144
4637
4270
-4670
2346
-8417
311
3085
5194
-7465
4500
-9824
4981
-4985
736
-5128
3779
4309
-5698
3915
-3924
-9814
-456
-2649
2466
7543
-298
5297
-7750
-2522
-7626
5529
-3908
7458
6592
-4291
-5972
41
-2067
1511
-9027
3580
7630
156
-2255
7801
9114
-7365
-545
9751
5715
190
3406
-5855
2568
-1806
7074
-7081
6276
2681
3511
7021
9946
-8822
-7227
-2916
4026
4588
-8163
621
-9452
7567
7282
-4704
5954
8362
2633
9073
7769
7965
-562
9683
6015
9726
2126
425
82
5586
8392
6395
6071
-9072
3468
-4585
6653
781
-6933
7605
5050
-3239
489
8031
3621
-3324
2820
653
-6910
-4758
-9029
-4800
-307
9032
-8773
5573
-9823
2949
-4715
2005
-9769
-6597
-3907
5655
1334
-3944
-1540
-4793
9368
4619
6873
534
2846
-6461
8735
737
1451
-9403
-1017
-2966
-2966
-3503
2097
4200
872
-8518
-8222
878
-369
2197
-3820
-8942
-7500
-7392
9567
89
1621
-4469
3678
101
8157
9081
835
-334
-7161
2935
-8694
897
4294
3075
9007
-2278
-9620
-1061
4982
7291
-3710
-2243
-2350
-7920
-4854
9634
-6719
6746
-2024
9074
4581
2813
6411
5786
-7445
3667
6471
7622
-9877
268
6724
-3745
-5901
5787
8148
9729
5450
-2887
1328
7096
5071
-1484
6069
3074
3197
9042
-4867
9507
-6780
9011
-9077
-1661
2918
164
-3368
-2118
4628
-1565
3351
-9354
8606
6826
-3675
2939
-3497
2680
-5962
-1029
7994
2266
3609
-1131
9800
-3715
-1030
-2279
1976
-4763
-891
1337
-5897
-5196
8280
-5855
9365
-7123
-9893
2355
8976
9815
-4170
-3783
6074
-6324
4118
5940
-2476
-3292
-7521
-1733
783
4193
-2568
-9104
5425
-1601
4799
-2014
-6142
8986
8007
8539
9776
39
1306
-2880
3159
-2908
8050
-9115
975
617
3957
1091
-4151
-9992
-5115
9312
-9881
8930
-9808
-7438
6465
7250
-3495
7476
387
8353
4043
-8651
-5335
1557
9969
-7237
3929
2208
-9519
4482
3171
-4439
1031
9180
6955
3074
6290
2154
2886
3854
-6885
7831
-1586
9595
-3376
-1042
6164
-6308
9199
-1732
1273
-9856
2937
8875
8769
3481
6738
5800
7355
7239
-930
6121
8195
8965
7047
4951
5369
-3658
1987
-9360
-3236
4050
848
2986
2700
-338
-4239
-1740
-2482
4021
174
7682
-6283
6580
2479
-8594
-964
6097
-2585
-8186
-2223
6382
1038
-1465
8937
2167
-4736
5684
-6216
4527
-1431
-9640
9841
5440
-716
5135
-8498
3194
8168
5356
-5198
6841
-2465
-1091
4401
-5661
-5828
2354
3037
6202
-68
7062
4247
6543
7949
7725
-8877
-5930
-5185
8391
7396
-7350
5995
-3315
8982
572
436
-1823
-3832
-8403
-2152
-6351
9621
-5548
2114
9322
341
-3332
4786
-6766
-3667
-9472
5750
-4600
7662
-481
-8571
9262
7644
-9561
-2639
1678
-497
-4805
-8093
640
-4777
-4464
-8163
3999
9941
1383
-3012
-5729
3723
-91
-5130
8730
3608
-4094
3196
-5053
-442
-1398
-1710
7796
5726
-2601
2954
5132
-1441
-5155
2502
4431
-2352
-1414
-7748
-5012
-747
7428
-4267
5761
2983
-5479
6781
9996
1127
-2003
-4852
-1731
1958
-7901
-6858
2242
9006
8688
2193
-6837
1780
9838
-1326
4124
7992
-4476
-3402
6636
-9865
-8066
6618
-9696
-7283
2866
-2426
-6011
8738
4697
2093
-5864
-6680
4896
5905
-8471
-4261
3916
6476
-1975
-1075
7650
1741
-1580
-605
8590
8671
-756
7329
-4622
4424
2657
6287
-1411
7182
6509
5830
8922
-1026
8110
8864
-4740
2527
-222
7222
-2144
9932
-1091
2615
6602
7538
5528
-3081
6628
9981
8229
6329
-8083
676
3009
106
-1015
1004
-4834
2123
-8241
1187
3723
2515
-4909
9110
-4365
9747
5650
-4941
1292
-530
8110
-6018
-8150
5014
-2736
-725
5162
4375
1712
-5337
9420
2531
-3147
9211
520
-7356
4961
-8288
7105
3554
-1875
-4900
-1191
8833
75
9230
-6235
-6386
-8049
2225
9562
-5092
5225
-3636
6227
1896
7003
-3723
-766
-8576
3270
5955
2246
5428
-593
-5125
-8353
3067
-1185
9801
6050
4938
-3006
3102
-7464
-297
-4502
-9974
-183
-9704
-4486
-3302
-7094
-820
-3768
5300
369
2476
-249
-5124
-718
275
7885
-5802
-9668
-5565
-3868
-6049
7904
-8340
1093
-4597
7782
5296
968
-4655
9350
-4213
424
5019
3017
4328
-7547
3686
-2900
9360
-4523
3180
-8404
-4930
5971
4675
6041
9290
-7942
-4882
2326
-7784
-6877
5027
-6677
5456
-1200
-471
1187
-5350
-4552
-1851
-7296
6950
5015
2314
-6510
4547
2604
-6278
2634
-317
-4779
-8782
2430
1200
-217
6559
931
2150
6392
8406
3108
-2936
3567
3619
5007
9093
-4757
-2484
-830
-5858
6932
-8615
4812
-5070
-3652
4992
7424
9607
2554
170
-7211
6817
8867
6134
-4892
8577
-2415
-5748
437
-8425
-4232
-6517
7526
4766
834
-9198
-1115
6080
3380
2280
4711
-2393
-6784
-3137
-2064
1111
-653
4638
9037
-3934
-4723
-9108
2504
9580
8700
7198
-3647
5734
7239
6778
5896
-3189
-6867
-622
-7466
6417
3681
8650
-2594
7541
8597
-6915
-7916
4201
1867
2780
-4966
725
-8158
-4806
-2514
-9746
5972
-6795
-9285
-6519
-2661
-5615
2126
-3250
-7656
7946
2790
4950
2752
1301
1948
-2244
-8753
-754
9556
5324
-1698
-4938
7736
7096
7494
-698
4310
6722
-6303
478
-9191
-6283
-5599
-9517
-8282
5261
-2258
8145
2402
6341
7993
-5829
-5024
-4173
8208
4907
1495
-1710
-7813
604
8305
-2970
6981
-9102
4298
2851
-6959
9962
2980
-6687
-9313
9492
-7288
5691
3033
403
-686
-1360
118
-5026
-1315
-8785
-1949
-9005
-6065
-5571
2901
-7165
6996
5093
6049
-3952
-5315
-7480
-7556
2525
6912
-8989
6510
-3682
8517
5836
6538
-232
6602
4505
-9386
-4008
7915
-5922
-4749
2739
-6496
-8769
648
5060
-4818
9273
-8837
3790
3283
-3554
-115
8219
7597
3755
2733
2187
-1486
7643
-4972
8096
-9921
9810
-8573
-8032
9278
8898
8808
-446
-6127
-5140
1287
-1576
5650
-2814
5576
4606
145
7338
6166
-3527
742
2667
8427
6097
111
2990
143
-6253
7547
3823
8379
5724
-7018
-3408
2529
-4752
6956
5857
4017
3117
-78
9099
-2206
5111
-4960
7007
8713
2081
4992
-1609
5928
5294
-1171
-6021
3085
2536
6259
7712
-4177
1730
-5006
-1554
-9374
-2916
7163
-8679
5315
8933
1760
-3039
8539
4619
8355
3880
5027
-7525
-713
2470
-6112
523
-8463
-1830
-7531
5133
6671
-4421
-4627
-9396
-4679
9617
-8521
9579
-4436
3145
-6252
4849
-6474
4794
-1951
5688
4500
-5970
3166
553
8956
7230
-816
1805
1984
3101
2276
7107
-8574
40
9496
-76
7811
777
-1628
1806
-5905
8194
8227
5124
2891
5151
4496
-1398
-7500
-8312
143
-9086
-5333
2404
-2369
-7024
455
-8352
-4978
3606
-8169
-473
2369
9211
-8148
-9986
5124
-8446
897
6245
2885
8570
6439
8905
-8225
6396
-7386
-1331
-5160
2023
-8428
-7429
-297
-8909
4622
-2672
-5375
3847
3900
4784
-3010
-2137
-5529
-337
4134
-1151
-7706
-491
561
1138
1871
-57
-2072
-2578
-8176
5070
-2741
7520
-1496
9818
-5621
-8090
7571
-4664
-2550
-7794
7407
6169
-2870
-5165
9200
2756
4400
-5314
1504
-5733
-9697
-362
5709
-5469
-4216
-3586
2468
116
7758
8303
-2836
1714
5069
-4410
3720
-6140
2345
-3246
-6674
3906
5923
-8755
-843
-4214
-3984
1180
5516
707
2691
6943
8516
1084
-7794
4046
6997
1537
-5866
-585
-8792
-6558
-260
-7507
-3629
-4363
4138
-6166
3453
-3032
3730
2922
2203
-517
-7902
2562
306
-6314
-4040
1846
1387
764
-4490
-1932
-4274
-9966
-8641
5186
4085
2277
5117
2299
5351
8313
-5955
6817
1051
-4530
7910
-2435
9157
-37
8278
3493
-2617
6663
4663
-429
-7080
-5453
8409
7733
5833
789
7570
-2929
251
-4019
-6996
-119
-8159
-3778
-7558
8155
-116
1155
4310
-7076
7225
5973
7034
-4212
-5680
6046
-4178
5044
7952
6013
-4618
4324
-6090
-2855
9191
-8915
678
-6933
6520
-7120
-8957
-2167
-1839
3195
-308
-2176
-9389
7669
-250
6218
-1590
-3445
5325
-890
-2642
4940
-487
-3024
-2440
-5253
6118
8915
1881
2957
6694
-6524
8648
2698
-4731
2791
3312
-4499
7419
-4573
-4247
-1170
5838
-871
-7818
336
-8092
1497
-1995
-4733
-5014
8056
-1509
-9819
-1973
-8386
-1949
2427
-6051
-6774
-4394
9911
9568
-3879
-6148
1254
-2097
-723
7837
-5332
467
-3473
3916
3982
1662
-2585
-2215
6300
7475
-9565
2239
1428
-6904
4162
3424
1774
1931
-7096
-3784
-1490
-8613
9359
8722
-6340
-5073
-8219
8225
-4825
4880
-2605
-5534
7321
-6123
6304
9212
1358
-7856
-8948
-7121
9988
-1347
-9571
7092
3403
-7680
-7241
2688
5879
9918
-7516
8908
8572
6256
-2166
-2210
7326
-8488
7767
-9055
824
-4039
8777
-5086
6399
-3449
8165
4657
5739
-3955
6411
8619
5665
3801
-4648
-6969
-8101
2483
-4002
8076
4471
2032
9640
3685
-3802
-9786
-2838
-1899
-4618
-9820
2555
1116
2107
9626
-2325
-3997
-8310
-1043
-8924
-4852
3635
5838
8381
-7652
2445
4471
5155
-9100
3216
1224
8286
6486
-2820
-8098
4163
4766
-3906
6326
-2758
7164
205
-7203
-8673
-7334
7082
-3869
1684
6029
3193
-1265
-7384
5394
-4242
2467
-3981
-773
3417
-5883
2418
9532
-3692
-364
-3478
-9317
-2632
6117
-4608
9740
-4469
146
118
4254
927
-755
-128
-6940
-1234
1470
-5618
8128
3919
-383
1888
2619
-5752
-431
3906
2440
-8677
-8217
-773
3195
-9984
-1673
-9276
-6052
-7997
5386
9662
4635
-529
3079
1534
-2164
6094
-9927
3453
6033
5939
1797
1773
1809
-8511
-608
6778
904
-3983
-5507
3727
-7500
-8095
7637
-7426
6109
7934
7272
-501
-7137
6779
6901
-6759
-3697
-3861
-9644
-5768
4086
-9330
-5243
-3577
8580
-523
8243
6367
7813
-5098
-1499
-9479
6646
4406
2211
5333
-7672
-4740
7755
9923
-8303
1262
-9390
1384
9393
6824
-8007
7744
9354
-8007
8355
6687
-149
7850
-8268
8017
3476
-5415
-8219
9842
8687
3739
-3744
9374
411
-728
632
85
-8771
7889
9308
3157
-1304
-6516
6592
6705
-447
-3502
5075
8037
5512
7354
-8298
-5935
-8988
8331
2958
-6355
-7069
8664
-7063
2710
-6003
-8009
-3583
-5273
-2284
2393
-6174
5533
-7879
-8108
-6073
7570
3366
4150
8317
-465
-5607
-9007
-5986
-9469
6539
-1212
-9771
3438
2359
892
-1040
-4478
9258
-7553
-4557
6929
6230
2024
-7499
-6313
-7523
-1537
-4095
-1738
4574
-4189
-2131
456
358
-5131
5454
1954
-6197
4376
9413
96
8460
-3662
5373
3112
815
3292
-5667
-5723
-1344
-2444
8757
6180
8030
4248
7618
7108
-6302
4401
792
8895
-9597
5405
9510
-1771
-8177
7132
-7128
-7376
8724
-2660
6374
-9058
-9046
203
7460
7359
652
-986
5153
8170
-6641
9717
8991
1972
-7848
7883
7339
3963
-5914
-7015
5186
-5211
-544
9513
1377
4718
-2110
-2325
-7934
3893
-348
8243
-8235
7997
9720
-9450
3524
6972
-446
5057
-6315
-9056
-424
-2886
-2565
2864
-1344
4195
-8540
-9900
7662
1027
-3384
5367
-4267
-2404
-4804
454
7327
989
-1085
9375
3578
2861
8063
2072
8620
529
1923
-650
1314
3616
9253
-7143
-6378
9621
6528
1361
-1387
7215
8374
2148
-9365
27
-4363
5285
-9396
547
1524
8292
6201
-5732
-5895
8702
-848
5994
-8019
1880
-6713
5254
-6329
1885
-90
9917
9609
3527
7586
-9917
908
-9009
5965
-8874
4109
-6503
6840
6640
-3303
-9946
5275
2163
4965
757
9331
-728
8789
-6565
-3620
3163
-6940
-5554
-6315
5899
7459
6471
3815
-4965
-8361
-6164
5598
-705
6854
1665
-5052
-435
-3133
-9840
6505
2195
-8467
-4103
-8651
2986
-8603
-9463
3410
-5380
-8875
-5129
-4658
-5623
1322
-7526
-3234
-3689
9619
-551
3499
-8625
-5663
4492
-1661
-3993
9912
-1719
-3634
-3818
5502
7947
5429
-8488
5931
-6121
9786
8761
7707
9497
7432
-1821
-8107
-8864
-9739
8592
-8827
6305
-2250
4297
-8359
1614
-3669
7251
9010
-581
165
8030
5280
-9303
9724
5075
5158
-5827
7917
-5979
-4641
-3297
-3970
-3441
-5212
1758
-9890
4725
-7421
7497
1662
1593
7092
-1806
-6267
6812
-9370
8864
5903
-4773
4109
-2714
6677
2684
432
-1818
-2661
6577
5671
9770
8924
-5838
4160
-1040
4313
-6543
447
1115
4716
50
5981
-4499
5889
2983
9729
2626
8500
6148
3925
-1884
2695
-2561
-1651
4347
-6234
-7627
4656
950
-3579
5393
-3680
-7386
1311
9583
9345
-1895
-178
-3435
-6341
6726
6743
-6258
3123
3733
-6621
-9383
-4368
6828
-9503
2223
7729
-1360
-504
-5593
-6407
-3421
-2233
6022
8677
8999
4180
-8348
-3022
8553
-292
-2166
3211
-460
4461
1638
3293
3593
151
-6685
3253
-9384
-426
-803
-4646
3603
9089
2011
4344
-5162
-6699
736
-8900
2119
-1712
7669
-5821
8576
-7563
-4843
8521
-9116
-447
-3843
1360
5495
-6688
-9938
6495
-751
9600
6056
7495
3271
-2068
-3043
9699
4857
-1170
8995
7306
-4998
4138
-3773
-8846
-3529
-2002
9
9332
6138
8414
3556
1689
9928
-1428
-6189
6684
-7996
-1426
-6662
800
-9048
-1528
-8706
1738
4869
-1614
-5816
2453
-4455
4809
-987
5925
-8671
7006
-19
-8479
-3695
9864
-2049
7988
-7445
-458
-3828
5134
1591
-6205
6632
3584
-8798
-2981
-2158
8134
3131
-9789
-2342
-4974
7034
-6052
-501
404
-6573
6934
1670
-9335
-8494
-9801
-4357
2596
-2529
-8062
879
-3322
-4756
3094
-4721
-9369
-453
-2966
5003
9554
8693
-5927
-9213
-2577
8433
7214
-8040
5727
141
2678
-9926
-9904
7328
-1058
3607
1194
-3533
-9257
-2353
7092
-3469
-4914
4115
-6534
1144
2443
8739
-7889
-5534
-3047
7244
3693
1665
7541
-1929
-9036
6729
4817
5443
-4140
3535
-7403
4794
-1330
-7362
-4431
8910
-8551
170
-2266
5431
9196
-5146
6495
-2548
-6676
-7838
-7583
7126
-598
-5850
5704
7136
1605
4586
4789
-3909
-6081
-1136
-3798
-9767
1911
-1819
-6883
1718
-7953
-1776
9326
7911
5451
-6381
-570
2927
9438
-8740
4962
-887
4491
-8283
7963
1848
-583
-8510
-1914
-6109
3415
-4657
456
9808
6743
-9700
-2331
-4844
-5631
-4010
7498
6940
-2539
9162
7185
903
-9233
7894
8290
913
-8858
1091
-598
-6434
-6064
8924
-4967
-40
8440
1026
-3245
-8294
-220
-8041
4254
6097
2436
-860
-9093
5132
3435
3415
6062
-4429
5578
-6135
-8868
-4758
-1056
-448
-309
6554
8677
5933
3034
-2789
-9452
-4122
6879
-42
474
-2865
-8115
-3905
-4875
9790
853
4709
1153
-493
-5362
9440
3921
-123
1828
-6015
-7551
-1057
-6892
-7683
7925
4720
9424
-5009
2616
4253
1855
-2430
-6164
-3818
9766
3182
5840
4782
7037
-5256
9528
6491
5986
8966
7292
3551
707
-6982
4161
5542
-9517
-4939
-4099
6902
6063
4744
-3555
7127
-3525
-1411
-7491
4523
9826
4164
2699
-5782
-3997
-1997
9965
-1599
-3741
-4027
-656
-9287
4712
-6322
193
1574
-2515
-7149
-4525
430
-7480
3727
-4348
160
7094
7684
6318
-3454
-2883
-128
-1031
-2423
-2759
-2252
-7437
748
832
2196
-9414
4205
4741
1495
-3152
7259
-3837
-5177
-4121
-1633
9650
3104
-90
-5053
-2192
5528
-1220
6398
8788
2609
-7207
1367
-87
-3362
264
-3973
393
-3227
-5964
-2160
1806
5204
-2740
-6933
-2321
6044
3069
-8567
-4399
3652
8093
5772
-8972
1697
4796
1978
6953
-6655
-2336
-6426
1662
4100
-1655
852
-9648
6633
-416
8395
6869
9589
-9242
-3928
7514
5903
-2505
-2551
9663
6967
-2778
3809
1920
-2613
-6540
-2741
6243
9943
-9798
-7450
-529
9571
7366
4466
-2597
2297
-2773
-1212
-1883
837
9439
-3579
-3631
620
-5240
-8818
9882
5804
-9798
-3752
3275
-1131
9580
4768
-5824
7122
6269
1167
-5282
5196
-4245
-3590
8185
9725
-8624
3500
2170
9000
-1157
1315
-1498
-1387
-9791
7024
-2492
3190
-2224
-9159
-810
1604
7711
6443
4139
-4583
-5096
-7567
-2224
-4752
-6373
9533
-9270
8739
-8646
2924
-7649
3419
1468
-9633
3928
1775
2861
-5609
-7012
-7434
-1940
-4211
-6527
-3427
-6675
7013
-1606
4565
7600
-556
7966
-6366
6561
-3934
-9378
9948
-3788
-6421
3502
3579
-7079
9525
-9629
-8077
1543
6997
-4893
-150
-4846
8058
7679
-7852
-1145
-5618
1882
-5016
-3135
6711
-508
6446
-9724
9335
-6067
-1662
-5773
-4369
7515
-6132
9589
5763
-1977
-2266
5242
9864
9913
9856
1652
-2765
-8821
-4448
2971
-9215
3895
-4522
-9093
5533
317
-4164
-9384
-3709
-5400
8736
-2503
4360
3856
-8803
-1488
8267
-8687
-1195
4156
-3145
-9294
-8170
6818
9191
-1771
-3713
-7896
6781
-7579
3867
7893
5280
-3427
6678
-7148
-8838
-3044
9903
1488
-8601
2864
-5740
-8353
-5974
737
2624
-2774
-1737
-360
-2890
3242
3303
9868
-4848
8431
8767
-3068
6085
5460
4288
6570
-7864
7143
-418
1817
-2882
245
4148
-2413
-1282
3319
1487
-1111
7512
-9191
-4919
28
2632
8793
-8138
5007
4462
-8392
-7698
-4735
-1352
5692
7263
-6493
7760
1611
-2763
1363
-8069
-8744
-1174
-450
4402
9449
8348
-7088
-9308
33
-7474
6714
-9913
8777
-188
5844
-4687
889
6673
-1075
494
8377
-5882
-1056
-5506
8069
455
-3144
6714
-9003
8847
-2049
4877
2534
-3742
2246
3257
7477
6001
-2747
-5744
9569
-2580
3061
8251
2637
566
-3071
-3131
8797
7680
-9065
2942
3053
5051
-4935
5403
-5346
1401
8564
-184
-7210
-1837
7413
-1116
5796
-853
4744
-7661
7869
1738
2468
6717
-4027
3445
8917
247
-5041
77
-848
-3154
2416
4562
7642
5565
-2587
2407
7308
-5116
-6408
6519
9917
5757
6256
2378
2156
3681
-5941
-9936
7521
-3041
-3476
-5628
-935
-4122
5210
5114
-6937
5040
-5009
6277
-5600
919
-6978
2151
3225
7116
-7012
-5566
-5446
-6568
8094
6904
971
-9052
796
1831
5515
-222
7673
-819
-5254
-3670
3118
4345
9820
-3041
4320
1908
7751
-2670
-5949
-8978
-3197
3915
8196
2750
-2107
5935
-4212
-4978
4875
-151
2728
-5326
142
7653
7903
4654
8870
7078
6035
8234
3962
5924
4309
3734
-2790
-4354
-4252
4739
-9419
-8438
4680
-1080
-8150
4926
-7703
8426
2111
-4965
5290
-6845
-3671
-9959
-3876
-867
9739
1355
6054
-5029
-632
1685
9651
-8375
-1017
2268
8609
9124
-7340
-6533
6994
7158
-396
-4217
4800
-6394
-7593
-9071
-8024
-5635
-1833
7739
3449
-542
1529
-6662
6786
2392
-8814
-2838
3642
-8091
-2293
-7195
5260
-1552
-2923
-8241
-6798
-2897
9570
-3917
-9388
1621
-7752
-5023
6250
6342
-7575
-8661
-5504
7204
-3913
6047
4555
6490
3390
-118
5025
2482
8643
-2339
1949
-4250
-1548
-8546
-2961
-5752
3495
-846
2399
-578
1587
1204
5821
8630
-766
-2346
-1372
6028
-2055
1568
-3763
-4868
4116
-319
5499
-2211
2146
-4700
3185
4246
9753
3410
6773
-2930
3738
8188
579
5761
-4471
4032
8264
-8241
2829
5478
7121
-6318
-3996
-7353
-4800
-2387
-504
-2307
4347
-9951
-6015
3049
2288
5871
4649
-2051
-6748
-1247
-4723
4668
1934
2556
-2007
-419
883
7603
4528
3845
1156
7045
-1211
-6089
-513
170
-5284
-9135
8144
6860
9142
-8453
8672
-6855
-4254
102
1149
8897
-311
1432
-4563
595
-3624
-7762
-2448
870
-3655
-9887
-4338
-438
3502
-664
5528
4319
-5844
7853
6415
1727
-7105
-6103
-9163
7547
6017
7768
388
1504
-4039
-225
6898
8553
-2629
-7912
2054
-6997
5429
242
-4775
-9040
6240
203
3861
-8730
4205
4698
-4187
3043
-3814
-3071
-8964
6841
5193
-1122
4599
-4391
-9609
-8281
3857
3755
-8832
-6304
9619
-3441
-3227
3966
-3932
8213
3290
9820
-6861
-2657
-4110
1271
-4039
1526
-3816
-2530
-1628
-2735
-3194
690
-7876
5684
7957
-9209
-6401
-1494
1065
-7645
-8757
-941
-1055
-1147
8886
7770
-4202
9633
-6208
-3711
-3087
4981
-5282
-4803
9829
-6459
-3542
4873
-3684
4910
7575
-8802
-5006
-2557
-4376
6033
-9440
7673
-8464
-2488
-4722
6566
-4080
-6703
5785
-8229
-186
-8572
7392
4968
-3852
-8649
6264
9777
-9978
8408
-7094
-1363
1670
6363
3428
4580
6204
-8336
-8091
-6968
-4445
-4490
-552
3322
355
-1260
-2716
1700
-9518
8079
-8897
-9721
-6967
4352
6076
-1812
5960
3720
2450
8618
7623
-7777
-5203
8398
6809
-2550
2262
4862
8219
5059
8335
499
-9126
8789
7852
-8067
928
-2435
7320
9739
-5139
9208
-4829
8441
-2043
9980
3914
4705
-6740
3023
-4185
-4076
-6643
9396
-5593
410
4394
-1726
2104
7994
-3866
-768
3519
-9599
5518
352
-4680
6818
-2854
9347
-9197
-507
5442
8336
9972
-3747
5820
1743
9257
-1378
-7203
4010
6527
4103
-43
-4671
331
-5029
-6752
-709
2727
-6863
-3203
-9836
-804
4765
6740
-7378
-9569
-4528
-824
-4457
-2300
-2821
1807
-1783
-1452
-5644
-3133
1165
-5823
-1585
-9541
-8829
-8422
-3210
-2545
-4123
-407
5916
-2190
-4097
1486
9620
6152
5732
-3931
7668
-5583
9998
6447
-5712
-6209
3547
-1748
5695
-8129
4380
6003
2295
-4220
1642
-2629
6
-1463
-3368
-3553
4089
9356
2136
1526
571
5851
-6598
1444
3636
8953
-9197
-3804
-4917
-2782
9749
5898
-4876
-2519
-2337
-1788
-3128
1185
-1305
7426
-3165
4239
-9467
-8464
-2794
7033
3859
7873
6805
-627
4522
-1147
553
3025
-2753
6377
7243
-9709
7352
9540
-8712
-5513
-1658
-4716
-4158
-3123
-3718
-9267
-4798
-8032
-7102
1095
7431
-4828
5761
892
6996
3397
-5043
-9697
7589
9079
-8526
-1387
-6599
-9503
3660
4296
1177
4988
-7539
8183
-3119
7603
-6799
2543
-4207
-7484
-174
1087
-9537
-4248
-929
-2538
-8895
4018
-1100
-8721
6518
2809
-3838
-6456
3187
3035
1171
5720
-9464
-2907
-5402
-3395
5176
4181
5733
-1885
-1366
-9698
4863
5956
5431
-3503
-2156
9969
-85
-9103
9501
-4532
-1859
-3402
-1800
2371
-9284
-6984
-2374
3582
-8185
3435
-9416
8560
-1863
6853
9334
-2665
562
-59
-208
4913
-3016
4153
-1687
8238
-1446
-7297
-5655
7489
1602
-5946
-6865
9412
7183
-8423
3367
-616
-8561
3768
4416
138
4366
-1193
-9155
-6950
-2041
-6087
-3005
2504
-8444
-6214
-1005
-8543
-2595
-2097
9965
8037
-3629
6287
3795
9201
3783
-2266
-3532
-8691
195
8139
-7799
911
-8773
-1004
-6708
7084
9682
-2814
-4339
8599
-8877
4928
9738
4856
708
-4339
-4091
6595
-1397
6368
-9423
-5182
-1892
3157
-1197
1729
7649
632
-9361
1760
9928
164
-2086
-7590
-4045
7777
-7864
484
-1932
6867
4194
4534
-60
6178
-9932
3593
-5081
5147
-5966
-9334
-9948
-8394
8171
6472
-9274
5862
-4967
-7830
-7877
9337
3587
-9264
2513
-5182
2832
9157
-5281
-2494
-606
389
6524
-3798
-3860
-5006
5778
-8478
-5803
-4886
8901
-9951
4789
3777
-542
8758
-1749
-9152
-2508
-5340
-5561
3783
4440
-7502
5440
-6771
-8440
-7148
-6672
-1993
-4054
-8231
-7884
9484
5197
-9981
-3506
7269
-6309
-4216
9930
-6012
1018
-9248
5014
-7867
292
2365
7853
9794
-2899
-5936
-5472
-6607
-8220
1327
2654
-9747
3761
-3202
-4406
2805
-395
846
913
8978
6388
-2115
-1159
-4036
7791
-9462
-5092
-281
1690
5069
7830
9759
7148
-4707
9824
2383
2611
8493
1904
-1539
2078
9210
9892
7422
-6305
535
5164
-2360
2599
4690
-8182
33
-6897
-5497
-5806
703
3772
1506
-4133
-7558
-9022
617
892
-2488
515
-645
-7112
-9495
-4814
-35
4904
-9621
-2660
5667
9215
7602
6321
1690
4656
8615
4567
-8116
-7634
2556
-1473
6948
-8156
6618
4448
-5420
-323
-7543
6482
1230
-9932
5430
-5815
-8311
-1533
4918
-2240
3267
6877
-1016
-1164
5149
6564
947
-309
-6215
6299
2023
-8211
-1153
7852
-768
-6111
531
7991
-9453
-9131
7805
4681
689
8127
-9035
3698
-2279
-7150
-6845
-4353
-6882
-6103
4622
1313
-6054
-2001
-9135
1045
4489
-8507
8425
-6108
-1033
-8200
-1139
388
33
-4664
9328
-95
-3701
6368
-3917
-6243
-7957
-8243
7311
-8956
8954
5294
4673
9340
-2377
7930
588
-5497
-5609
-8726
5140
8843
8594
-9315
-4638
-8009
-2326
6615
-7942
2352
-4137
1343
327
-7648
-9037
-4513
-7777
-9639
-7204
4836
-8058
6476
6172
3748
7176
7302
2460
4350
2665
-1428
-6429
-2628
-5536
-4010
9787
2469
-8722
-2333
8723
-8172
-5098
-9472
854
7261
-5036
6678
-3949
2479
-3774
8553
-7563
733
-7160
6328
-6110
5951
3677
-211
9963
351
-3511
5261
796
-8586
4256
4566
-124
-3851
-2502
-4660
1852
1248
-7596
8311
-203
9542
7541
-7560
7580
496
3850
7526
-9073
5099
-6818
75
3785
-2027
-5599
-3400
4714
-2581
9901
652
-9359
-6602
9919
321
3968
-9355
-6706
-6011
-5008
-2482
-3034
7543
9165
-9328
-4164
-8508
7689
2035
-240
-2736
-3807
-5111
1337
5194
-2917
4311
3557
-993
8177
-3903
-1451
4871
-6149
-1418
-80
-5106
5225
4561
7419
3788
7513
4432
5548
923
-5117
-2648
9453
6401
-3561
-1849
9167
-1051
-9831
9670
-7647
8366
4151
-1250
-7062
-3048
2902
-4049
3690
7089
-2665
2588
6019
-9874
9973
-9919
-7127
8822
-538
-748
-689
9087
8368
8316
3044
-8276
765
-6209
-8797
-6130
-9064
9818
-940
-8273
725
451
-3915
7695
-4714
1874
5354
-9154
2653
1450
-9465
8468
-9752
778
6565
6281
-2578
2465
232
-3114
-1031
8294
8472
6901
-3962
7373
6656
-2471
4603
7436
4602
7113
4151
9230
-6005
7910
4401
3027
1191
-1211
-8001
867
3210
7076
336
-4821
4014
187
5748
1713
182
964
7454
-9480
4689
3833
-245
-9695
-236
-9875
7010
8262
9564
-6842
-2512
-4557
-5034
-8079
3192
-765
-913
-2976
-1186
7236
-5382
2844
4661
-4635
8647
-5710
-2203
5580
-1099
-1528
8891
-905
-1570
8106
-7988
-3575
5547
7301
-6347
-7209
-8321
801
6362
2663
-1749
9820
8909
-9230
-4332
8392
1635
1442
6735
4
777
-3097
6882
-9821
1372
5744
9473
-7385
3796
-2951
-8693
8978
8290
299
-8925
-685
-1017
4946
1965
-9643
-540
-8172
7270
9503
-6722
2426
-571
2211
8139
3353
-6143
1443
-7641
7749
-2205
9328
1139
-3974
2192
-3574
202
2906
9494
-3868
-1891
1180
-1255
-8430
-691
-6643
1962
3994
6181
-1103
-943
-1865
1119
-5519
-7450
1374
-608
-7841
-4511
7861
-1333
-9321
9018
-8094
9068
8877
2204
-1917
-6692
-6033
3202
1553
6834
-4709
-3303
3120
8201
3286
485
6190
-9543
-2472
-9353
-8970
-4058
-6267
8737
5755
934
3727
6488
1538
-3370
-1778
8464
-7631
-5367
-2879
7954
9044
-8894
-7350
-4728
-5555
7553
4863
973
-4485
6450
6073
8922
-9331
-5265
3685
3414
-7532
9600
3549
-8675
-2730
-5870
-3212
-9428
-7002
-2420
-6105
-993
7943
1104
7143
-1283
7680
529
-990
-2449
-4126
-6307
1781
-4349
9453
8282
8170
5514
1658
3781
-8759
-7502
4712
-6665
2516
5068
3533
-8568
-2058
-2329
-7036
4488
2217
-4992
-2807
6740
1537
-9209
958
1198
7878
9552
4658
-9037
5813
-8901
-3144
-9561
4382
-6715
1860
-2535
9470
-4709
9479
-5151
-4268
-9466
3298
-8347
-1487
9314
-5887
-3356
3769
3708
3495
-2211
-769
7446
-3486
40
583
5923
3514
7883
-3680
2985
3768
-9693
2729
8199
2030
-9915
-4508
7306
-5108
1834
8741
7631
9242
5489
5172
137
-251
7640
-9820
5558
-581
3968
9037
2638
-8785
-2059
-9618
5885
2319
3669
9190
3458
-4178
6514
9028
-6070
-7035
3051
9146
5650
8472
9396
6397
-7119
6989
7848
7087
5137
4318
-4288
-4590
3493
2565
1278
8033
-6407
-7079
-7446
2250
4836
3619
-9500
-5581
-7660
5106
3153
-7356
1740
1733
-7030
8279
9192
-3527
-8163
6037
9376
5730
387
-2430
2337
-3735
-6206
3526
-6636
-8196
-5727
4303
2312
7636
7086
-3767
-7541
1811
-320
4873
1747
-9072
-3584
239
1374
4039
3422
8017
-6030
-1912
-4970
-4953
-6405
3019
-1666
-5366
-3921
-7199
1033
946
-9252
-7631
9763
1593
-1076
4444
-9753
7195
-2928
-4062
-4475
3227
-7085
6216
3173
3833
8320
9337
-5185
4202
6242
678
1985
-5978
806
251
2826
-2817
8302
-3055
-7820
-2721
9950
-2997
-2811
6090
5639
5784
-4866
5942
8350
-1945
-2917
-2536
-9934
-254
8367
3039
-4841
-2702
-1393
7981
8511
-5793
4233
-5018
-7696
7392
2502
8533
6375
-403
9305
-315
-8650
31
9390
-9355
9029
-6083
8404
-1831
-15
-3826
2123
96
291
-7435
-9545
3736
6889
6535
2233
9902
-5782
595
2406
-1473
1556
5971
6341
2401
5927
-7611
-5244
117
-8756
7198
-2062
-2991
-3694
-7998
2534
6714
-6655
1347
-7532
4778
-3765
5766
-8264
9137
-226
-5252
-3272
-7484
3742
-1104
8663
-4847
4470
-2674
-7084
-7303
-8465
6213
-624
9147
-4633
-7736
-6575
5007
-8671
-5892
5460
-3147
3637
-1061
-8856
-1984
-7288
-5225
558
8411
7007
-9367
-350
-5686
-5643
6425
-4240
3471
5542
7353
1557
-3259
-8174
-1950
-5610
3420
157
6398
-9148
-3589
9866
8097
2106
-7390
6948
-6936
-8756
-6151
5113
-7907
-7531
-5483
2871
5615
-3280
5304
8745
9612
-8667
6224
-7802
114
-205
-4861
-7520
-198
-7491
-8994
4302
5005
-9897
-9222
7252
-8620
1814
7568
8059
-3557
8391
-4558
4168
-2149
-4446
-7434
-414
-8049
6374
7411
-1702
4602
2164
-8286
1304
1653
546
-1564
4968
4340
-8851
9940
485
6000
6167
6679
7884
-8560
2547
-6109
-5382
-1659
-3644
-7242
-8754
-9061
-5276
195
-4131
5587
4358
1511
-2356
5035
-8774
-1185
-3957
2939
4947
-4920
7727
5613
-7154
-8167
-7641
-1660
-7415
-4283
3844
1675
-9188
592
5552
5794
-4322
-1723
-3142
-1358
7506
4384
2057
1801
3871
9014
5422
7578
-527
214
5822
2942
-2906
-5286
-5
-6355
900
-7266
9941
-2214
5791
-2907
-6850
9403
3654
3600
6089
7341
8377
6803
-4904
3000
-4708
8667
-2084
9476
-2938
9386
-6603
466
9167
-5390
7865
-8463
-9736
-9792
-2957
-1924
9161
-7909
4235
-8556
-4160
9359
3225
7855
-9855
-6226
-5144
1423
-1437
-4281
-6543
8356
-9583
-1727
-8681
507
6123
-7979
-7147
9839
-7877
-4279
-2622
-5490
-3791
-2125
-1214
-1981
-7043
-2071
-9707
-4762
-8806
3047
-8276
-3230
2933
-9531
-7920
-9530
5140
9123
-5333
-6013
-4938
7340
-9298
-9178
3344
7976
8269
3408
-8255
-5590
1659
-1943
9866
6708
7655
-4499
-4148
8122
-4991
436
-8144
616
-254
-7470
-8721
4236
7737
641
-3071
-9099
-4926
6974
-8551
3850
4936
9226
9819
-8397
8455
8431
1692
6010
2437
-4363
-4564
-5332
-8571
-9215
-3625
1275
3988
-608
-5613
-9635
-2627
-8909
6170
-730
-1236
6493
-1752
-3257
9922
-8181
1038
7697
9521
-4196
7963
4247
-7391
7544
-6544
418
-2677
6909
6884
3490
-6463
7397
-5433
741
9545
486
-8840
-8565
5409
-8766
7648
6769
-60
3241
3269
4831
5692
3178
-9684
-3698
564
-4254
-9622
-7005
6755
6369
8035
-3753
124
2076
-9113
7842
-2076
5592
1751
5343
-6615
6748
4135
-8163
5946
-2307
-1762
-8826
7983
-8132
3418
9265
653
-6843
7998
-4459
-4615
198
2199
6005
-8963
5943
4805
-6664
2361
-4571
5392
544
-3729
9425
-43
-845
7958
-6620
5007
-9858
9929
9082
-808
7940
6874
2115
3729
6654
1497
-5335
-7231
6066
3002
2734
3441
-500
521
-9716
1575
-2590
1026
-3337
376
-9877
8357
-7230
-5413
-8011
1457
8532
-4826
3297
9507
1688
-8242
9380
-7190
-1182
-6602
1542
2051
8505
799
-7015
5298
7117
6269
-1880
3502
-8218
7876
-2572
7764
3153
-7837
-2247
2675
5497
5973
-5959
4248
-3918
5961
5540
2211
3467
-7959
-3921
-3129
7378
-1004
1674
5842
2196
4436
7938
-3924
5122
1627
4969
-1750
1649
219
-1977
-4695
-7308
4689
-4045
-4583
-6623
2750
4902
-6072
2264
-5762
-4865
-2483
8717
9943
8094
3702
-3734
-7099
6849
-4610
5487
-8723
3885
-4547
9618
-3186
2291
4517
-3520
-9024
6746
-1377
-383
8368
5149
7939
-6236
-5257
3748
-6083
-8026
4954
182
6756
-1506
9351
-474
970
9450
-4431
-7929
6357
-6106
3245
-6333
4009
5852
-2669
5784
2800
-3786
8239
-2710
1416
-5197
1985
-5323
7575
-4041
-357
7835
5168
5499
8139
174
-4297
-9833
-2489
-7611
9340
-2702
62
8136
8487
2160
2779
-7627
-7046
1043
4249
-5883
8938
-7935
2263
1187
-6070
2346
9762
-3722
6377
-3796
-3099
4635
-2320
2489
1188
1673
-542
-4739
-1960
-8382
-9729
-3909
-7951
2465
4482
-8663
9655
-2258
-3274
-5708
699
9947
-8963
-3318
-3932
3776
4237
-339
-2076
2127
-8971
5919
8244
929
-7901
-5860
7310
8557
5373
115
-8366
9761
-9331
4246
2201
6882
3568
-8288
-75
1341
3595
-208
-6051
6451
9569
-387
4125
2282
8033
9759
-7062
8549
-5338
137
4990
-8831
-6787
-5395
-266
8326
-4776
1196
-784
1806
8965
8209
-2944
2760
-8955
-2426
2389
-3689
-8399
-2986
632
4920
-2625
1007
1815
-6232
-4653
-6073
8025
-3861
-3366
-932
-420
8420
9407
8781
-9488
-8690
1238
1943
-6802
-5523
-5497
-3532
-218
-8539
1045
6776
-2240
-2123
-9730
-3938
-3888
-4112
-1037
8779
5956
4539
2201
2612
-8076
-8969
-1154
-4996
-2707
8876
-3630
-8036
2156
9466
-1407
-8044
2015
-4710
-1789
1279
2452
4503
466
1285
-9006
1332
-5598
9500
1378
-9420
6101
5390
-337
-2144
7413
-4162
-3767
-7886
-5931
3809
-3644
-5250
-4113
-3024
-3678
4254
-295
2779
-4383
-5672
-4058
9778
-4917
2477
-6418
-3856
3189
-8302
7898
5077
-4807
727
-8110
8898
4013
-9935
-7287
-8257
9868
-9764
15
7259
4036
9096
7094
-8162
-6302
-4669
-8196
-7667
-405
2561
4755
5859
8861
-9179
-8806
7076
7391
2097
6957
-9020
3593
2107
-9230
3868
-2570
-3504
5006
-7110
-8087
-685
-1990
-5782
-1556
4141
-3346
-2390
-3605
3207
7903
9311
-8647
9837
-3155
6775
-3317
4191
1868
8074
-7223
6841
9310
-3418
3234
-5792
8963
-5348
-3579
2513
8342
-9981
-3800
-1311
-1468
-1472
9619
-2116
-7794
-9981
7124
1951
516
-7273
6036
-4593
-8596
8069
8968
-103
-8580
-274
1500
5503
-5946
-3234
-9485
7246
9310
3030
5920
-393
-930
-6002
4652
-5307
7676
9464
-164
2016
-2898
-2189
7783
1899
-2494
9385
7474
7133
-1702
-2270
2945
-2662
8261
-2772
-4460
-6582
2821
-6122
-3284
4062
-2894
-8798
-3764
-8969
150
1255
246
-2080
-1564
7652
7342
5925
4550
6056
-434
9474
-4458
-5267
6655
6825
-2145
-7165
7584
-3651
-4985
8762
4724
-1555
-4879
2292
-6230
-1124
5369
5599
-56
-1450
336
9642
-6199
2477
-7098
786
6372
-5580
-4824
7479
-1629
3864
-7248
7523
692
9542
2922
2779
-337
-883
2434
-6107
-5608
-6289
-10000
-1206
888
5114
2816
9466
-3001
7771
-3098
680
-139
8195
8863
8327
-2654
-4882
7259
9903
1023
-1270
-7146
8019
2140
-8743
-1182
-7644
-3981
-8913
7738
6149
8721
1051
3252
-7226
4661
4731
2791
7878
4511
5385
5392
2736
2142
-1278
5239
831
-834
4643
-3906
-9958
1939
-1781
-7552
5498
-2313
-7660
7461
-6886
-6895
-6233
9584
1628
6212
9452
1335
9890
-3517
-6795
-2811
-7986
-7931
3113
8166
-9129
-4359
-8203
2878
221
9390
4819
8968
-8474
-252
7283
8697
-9839
685
2090
2006
-4273
6224
2
6418
-1916
8879
-9141
6721
5370
-4431
-2368
-5026
-6715
5282
-9415
-3663
-3147
-3836
-9325
-1533
-3856
-79
9459
6898
5480
93
-3827
-4945
-5089
-5681
-5045
9484
-1478
7472
8548
-9471
6365
-1780
8087
-4113
5895
-7160
9232
3714
-320
-9512
-8600
-6776
5167
-966
1937
-1784
2932
9978
5265
3912
2910
3748
-2155
2023
-4551
-882
9635
8747
-3775
4672
9347
-4229
-9887
-9081
-4201
-6722
-2146
8819
-1495
-3432
-6933
86
-2126
-7354
852
3308
5094
-8673
5310
9349
-407
-5650
-6458
-1726
4042
-1175
4474
-5267
-3072
3399
8678
-3139
-6110
3886
955
9926
9612
2531
-1700
4677
5337
-6422
-1013
4993
-5340
-691
9815
-1421
3010
-8196
2053
8060
-1060
-6325
8768
1510
1255
-165
8902
5052
-1586
-8491
1451
-2737
3709
-7215
-9356
-5428
-2980
-4143
-9992
8382
-7926
8486
-7544
75
9013
2062
-1572
-6387
5632
-7316
-368
3125
9655
-7767
9407
-6973
-7086
-8846
6451
-119
9832
6381
-8891
5987
2118
-3267
-4019
5423
-4568
6819
6954
8763
-7228
-8729
3518
7399
-8113
1707
-5153
8001
8130
815
8354
-932
-6104
8338
6356
5599
8663
-1752
-6325
-4540
-4959
422
7413
-2591
1643
-2813
-5405
-3280
-1320
-1622
59
-6075
-696
5622
2921
-9772
7133
7653
-5997
2676
-9949
3981
2719
-3629
-1574
5348
-4318
-1240
-2678
3740
-9578
4475
-3138
-7986
-2096
9193
7291
1923
-7668
-298
8042
-740
7764
31
821
-1313
-9074
-6551
-1129
3273
-8878
-5047
-2251
-6065
6143
-1832
-5352
1118
5139
7865
-6377
-2772
136
-7558
-1257
2972
-7746
-8293
6915
3747
8429
894
376
-1267
-2705
-6324
7677
7049
6478
-8842
-7862
1496
-7872
2627
-47
5572
4234
-28
-5238
-2818
3185
1813
1293
-1301
9851
6447
-985
-2506
-1846
7366
2392
-7605
-7794
-6415
3353
-1502
5131
-5523
7406
5133
8334
6124
-57
-6145
8410
766
2301
2918
8137
5288
-3458
-8618
8396
-9058
-2243
1736
-2616
-7051
5329
-6785
90
-7890
8613
-4675
2281
4643
-2220
-9667
-1572
-784
6942
5826
3958
-78
-2683
-6795
-8198
-3662
6852
-5835
6488
5433
-7522
4677
-2581
4327
-6969
-7918
6556
-1787
3188
7456
291
-4503
556
3147
-3518
2865
9684
1869
-9530
-6908
-2565
5524
6561
-8650
656
-8264
5466
5403
-8535
-4619
9363
-8236
-9477
-2471
1652
-4928
-3703
3981
6712
-7876
2728
3573
5679
7676
-9471
6140
-5425
3221
-8235
1389
-7971
6348
-5104
-6316
-9268
-4741
592
1828
-5582
851
-8383
1222
-5274
-5648
4576
4229
9037
-3053
-8093
2272
-7256
5355
3299
-6223
9943
-3430
-6275
-5463
8253
1851
-3196
8628
3732
-2195
4512
8393
-8943
-4129
-93
-5077
-3346
-2606
9932
4213
2191
2727
9179
1048
8382
9845
-2465
-4230
-8984
154
8239
-3480
-8532
6192
-1595
2424
1299
2193
3760
312
-8227
-8803
-2592
-1862
-223
5078
4519
-9384
-6382
-4441
-2932
263
-9730
4203
-9313
3640
6631
-4110
58
5507
4411
-6912
-8421
6021
1239
-1366
975
9047
3066
-2939
9964
-1789
1376
-615
8627
-3252
3359
-7263
1912
-5257
1449
-4345
-4814
8227
6240
-1338
7461
2162
-8621
2986
-4369
966
-6656
-2125
9015
4137
-2791
4167
-2939
-8114
-879
5924
9809
-7916
-2867
1723
769
6289
5663
9057
-6375
5559
1242
3883
8391
-5563
-2598
-4949
-5362
4736
501
2513
3494
8855
-1954
1124
4468
-5289
-5216
3254
6029
-717
-9253
4006
-3838
-3526
-2835
-2864
525
1792
-6159
9747
1156
-1703
-4994
6535
-2997
-8204
-6524
134
9427
5363
3558
6216
-8700
9825
9096
-6161
2414
3818
6059
4609
-3484
9456
1438
-7772
7952
-3856
7586
9320
-9920
9627
-4664
-1250
5769
1106
3602
-6627
-8604
6415
371
9506
-6479
-4602
5746
6308
7640
-4737
-6833
-9386
-3180
9575
-7801
8542
-7358
-4787
5299
7384
4802
-5507
-9254
8958
650
7810
1507
-9326
4497
3633
-1431
1161
7403
-6116
-1950
-2599
-7743
413
1164
-2358
3605
9064
5146
-1100
1576
3154
-94
2701
9505
-3724
-750
3258
1706
5666
-1738
-8079
-3227
-6017
2914
-5992
1672
600
-1212
2936
-2118
-1120
-6367
-559
-4726
-8582
3939
-9793
5684
2681
2304
1090
-2357
3171
4978
-5521
7179
-896
606
-4124
-1939
-4148
-5132
5737
8979
-4174
-2361
-5671
-9700
-2103
-4811
3030
9377
3473
3375
8933
906
9391
9944
7955
8376
-7060
-6302
6597
8438
3064
-3898
-5624
7564
8966
3350
724
-3717
-1882
-8358
9247
-1764
-5839
-6076
-1109
-4560
1001
-5602
-7504
-6244
8991
-8017
5506
-1570
1431
-5057
1595
-2089
-8007
232
4933
-1560
5137
-9242
1632
-9607
-5380
8382
5558
-8802
3526
8489
-8128
9724
-7631
-5833
-8541
-5819
-6689
3321
8434
4606
6421
2883
3575
-752
5312
2360
-3127
-7114
-443
4325
9197
-9867
4939
-8376
-7340
-8111
9801
85
54
-9111
-5957
-4493
5554
-8281
-4515
-8367
-1822
-2428
1462
-1080
4363
7245
-3022
-2600
-7882
-9989
5701
-6637
-783
5298
828
7703
3380
-1660
8284
9651
-592
3108
6032
-7754
3361
1817
2187
6899
944
9802
5801
3978
6385
7801
-5797
-2260
429
5182
5659
-3469
-8666
4208
-1458
-8628
5975
9081
-2467
7253
1176
-4198
-9545
-4863
6462
5834
9309
221
1826
-637
1271
735
7704
-3926
4393
3002
9188
1907
-9153
480
9986
4221
8781
5830
6014
-3153
-6536
-9793
-3040
4202
7473
-3025
-8338
-8328
1261
-7053
6493
-8385
5562
-604
-9605
6139
-9178
6066
-4221
-2188
-4876
8474
-3684
432
7373
-7825
618
-3270
-1028
-9473
-4420
-2542
-4039
-7798
-9237
-2221
-5116
-7631
-9726
-2787
5382
1886
7877
2010
-6997
-8499
-2227
4491
-6516
915
-9017
-8085
-4560
-4876
4001
-3962
-4866
-6784
-2388
-7980
2370
2955
5491
-3147
-5972
4101
3855
-2399
9873
1898
-3465
-3015
4493
8708
2350
-4643
-9975
-5336
6089
4513
8388
2775
-4470
3319
-783
-5024
-3048
-5703
8440
3112
5454
6688
-6023
3473
6332
2070
-979
7654
-7873
-5152
-7118
9711
3228
3620
4481
6898
-1270
-3483
-8961
6341
7067
-4349
-77
-9790
-530
162
8313
5343
1950
7050
-3417
4920
7544
3239
-2179
-4965
-3240
191
1829
-6831
4858
9508
4133
-6768
7710
-3038
4328
-5314
-5069
4212
5251
-6425
-2888
-1301
8386
-8531
-315
1881
9591
-3112
-1998
3945
-1721
5662
-5610
7598
-8781
2106
337
4669
-4863
-729
-6620
9227
9307
6674
1535
5866
3642
8466
-4964
-1766
4523
-6432
8835
-6973
8985
-8161
1144
6891
7301
9650
5538
4992
-5113
3273
-78
5058
9730
1894
5932
6025
-7604
7932
-4514
-2827
1729
3155
-5478
2789
-9204
-8146
4454
5229
-2750
-2220
9416
8490
-5794
2349
-7396
-8285
-918
-2044
-4060
4774
3986
-1366
7078
-2645
8285
-7838
-7045
6978
2848
9021
5754
6992
-5997
7904
7216
5310
-8088
-297
4842
-8116
8180
-5222
6885
70
-6000
-7451
8600
-4651
-9767
-7772
-3510
6706
4635
4150
-8977
-3391
-2640
-6270
469
-1416
7201
2725
3632
-446
3638
1444
-5788
-6542
-8494
2981
5731
4575
-1248
4658
-6539
1924
-8595
-5203
9999
8358
-9879
8971
3744
-6291
6018
9041
9530
8424
-3485
-6564
2222
800
6799
852
-8149
9832
8669
7284
8827
-8081
7386
3755
-5847
5225
847
-5770
2159
-5525
-2618
7448
7444
-4867
5113
-1833
-1831
7459
3848
3784
-8591
6823
-2357
2878
-8838
-2038
3931
-7947
1053
1113
-9240
6694
8789
-8566
9370
-8720
-7356
-3775
4403
6046
9936
-1940
5758
4865
1620
7225
4251
4764
-5054
5184
5673
-7002
1796
2870
4381
2450
4365
3864
-3896
209
8307
614
1129
-6032
-1683
5014
161
-9792
-6357
6294
299
-3927
8626
-3409
-1454
-6181
5199
-476
-8317
9526
-44
5012
5974
2787
-1661
-9168
3636
5187
-1353
-3940
1809
-4022
2415
985
326
-2019
8679
-4623
3929
9787
-8562
-7380
-3516
-8606
5479
-5859
-3605
2873
-9980
7151
-5466
4137
-8174
1555
9499
7256
-9867
-594
-5557
-472
7262
4990
-9285
-2951
9118
-7016
9147
-9573
-3289
2358
-669
-1649
-6379
3882
8308
-7978
-1060
6813
4327
2272
-4740
-8295
7925
9422
3728
-7717
7504
2
-9672
5680
1968
-6603
-2762
9103
3264
5049
4078
7306
6244
3835
8404
996
-5299
-7113
-4116
-7381
-8144
8544
4851
-8182
-8484
-489
1945
3632
-2370
6174
-4873
-8131
1302
1323
2871
-7335
-1148
7588
-4947
2552
474
-6817
8938
-2858
5714
-2809
9138
5135
-1615
6058
7349
4201
2034
-8315
-3334
-8374
4258
-3775
-2571
8548
6075
-5318
9194
-2750
-8725
6321
-9095
6534
547
5464
7706
3783
7861
4867
84
6644
-1463
7840
-7194
-4759
-5227
-4795
-2557
-5254
-6292
-9580
-1110
1822
-7429
-5538
-615
2564
3772
-801
8049
5981
5523
1658
6944
244
6460
295
-6355
6656
-6505
2025
-3525
9481
6438
3918
1796
7542
-7926
2636
6134
-4577
-2299
-6705
-2822
1680
7782
-8094
-9382
-3842
-7651
-8891
7390
6899
-8664
6410
-89
8692
3192
6259
7987
290
8446
7806
1151
-4959
2109
-8025
-687
1997
9879
6931
-3041
-6606
8216
-824
4867
-3438
-7195
-6641
9188
-7506
-9944
1727
2307
-5867
3511
469
6884
-2011
2416
-5542
-8864
3041
9632
-5409
4008
3396
8263
2488
-9303
-4795
-7257
-7616
-5210
-6192
-4749
-6368
-5910
-3586
2531
9943
4546
7245
-952
9738
6969
-3149
-6215
997
5446
5344
8070
-7392
6397
9118
5802
-6540
-6182
-3814
-7460
982
9614
-2588
2526
9186
5152
-6642
7271
9287
1432
6629
-7418
-5400
-6339
-6308
5383
2186
9626
-6326
2135
9806
-8525
-9405
9346
-4995
6018
-95
3797
3435
75
3176
-6548
-7300
-5712
-6977
-7381
4417
-1305
5355
-6804
3152
-6441
6464
-8046
6612
-8846
7155
1276
-2914
4432
-728
-7555
632
-2543
-1024
312
5071
109
-272
-318
5954
-9598
-6632
1453
-2340
6398
1194
3284
3282
-8465
6975
5099
-5911
6499
-6312
2893
-64
-1883
-9942
4747
165
9900
8429
-6159
9321
9870
-9489
4514
9455
-7335
-4707
6851
-3048
1985
-492
-3374
-9902
1983
5163
-8814
-8089
-6696
-2906
-950
-432
-362
-1797
2788
6938
8303
7833
-2627
8646
-5532
-2598
6145
5046
404
-2448
1073
2859
-3555
-1142
-1117
4760
-3816
5220
-7930
980
-9590
8959
6213
-855
8037
7397
-4753
-2241
7833
8193
7442
6283
8130
-7877
-398
3431
-3280
-7737
5566
376
-354
1284
6983
1599
5440
-1826
135
-4897
-4281
-6145
8531
-6044
-5232
9129
9572
-4051
5519
3439
7925
9919
9283
-6323
-6939
-4186
9648
499
-2308
9792
-6535
9546
9090
4756
-6617
-7021
-8467
2871
-9078
-5700
-5530
304
5844
-6649
-9942
-5781
3576
-493
-7480
7865
-710
-8596
-2617
2370
-9482
-8697
-8318
-681
4551
-3801
-6669
-3781
-6547
-4760
-1057
-6348
-5460
8717
-5970
-1777
-2787
-941
6230
-9197
6483
-6470
-8251
-8690
-2874
-1029
397
-2554
-7731
-1547
-2558
-2157
-893
-7569
-9276
-9612
754
-4233
-6738
2961
-1298
4678
-1903
-1461
1250
9541
1906
8570
-7156
3518
1332
-9908
-6753
-8302
-4283
5871
8526
-4553
-5121
-4477
4064
5049
3684
8009
9721
-7881
-137
-3703
-826
6421
21
-478
9962
-2746
-7229
-5624
1938
5702
8101
3417
-4963
5056
4307
2178
1278
-5015
-6025
-2512
713
6132
-6707
-4491
-2829
7594
2713
9123
-2442
-8198
128
-6667
5159
6038
-5962
-2557
-5736
-784
8918
-7679
-6822
-9568
-4055
-3071
-1745
-4394
3437
7932
-1189
-2581
298
-5575
6905
-6452
1396
6312
8154
-5102
-4430
-9448
6749
2435
5774
-7163
789
-94
7199
6736
6009
9023
-5004
-7583
8587
6163
-2849
2703
2957
-9029
5044
-2393
3719
4158
-4324
7238
431
-186
-7475
-7855
-8483
6839
-1642
813
-5518
9065
8538
-6413
8638
4064
-7994
2631
-2274
7729
9893
1968
7561
6655
-2664
2508
-9195
6459
8096
-5885
2071
-843
1478
-9448
6702
-5723
-9398
1745
3606
5562
1853
-2341
8213
-9208
8702
-5961
3644
5005
-8230
3508
6684
-5222
-8614
9058
2012
3086
-4323
-2555
-723
4367
-4579
908
-954
-7753
-487
1345
-7330
-6154
-6291
-660
2378
9466
2024
9021
-646
3600
8929
8600
-3455
2087
-4119
5590
4920
-9031
-5753
-2450
-459
-8266
-1105
9771
2744
-4116
-1541
294
9314
6803
-1517
7336
5870
-997
8563
-6919
7668
-358
3266
-2968
2669
5547
5374
-9579
4164
-6172
9296
-9744
-8250
-3771
-7978
1702
1291
-664
4966
6254
1061
-1621
5085
-5404
-9766
205
3215
-7321
-5775
6681
-8956
4714
-3238
-2042
9509
5577
-8648
-1377
7086
2371
-2356
-4995
-6365
-5724
-4610
1403
8363
-7067
-954
-6569
8930
9928
1666
-7080
-1755
5755
6908
4436
-2334
-8980
4278
699
4462
-4608
-5944
8666
-8824
628
-6855
-971
8032
5975
7296
6672
4487
-1325
-349
972
-2728
1792
7277
8424
-840
3921
1000
-6443
-3742
-1761
-7907
8207
-1585
-6603
7958
6292
-4314
7402
-9815
7701
-1623
5615
-8968
9602
8250
-8734
-8071
477
3037
-5487
-2374
-3963
-5916
889
-1259
-9119
-6696
-4236
-4931
2946
-7489
-8714
6982
-9788
-3917
2127
4336
-8162
-5246
-8466
5586
9266
2074
1938
6460
6917
-5499
3169
5560
5784
7030
-4145
1999
2175
169
5166
-2748
-1502
4905
2658
237
5080
-9434
-7849
-6411
-6337
-4676
1572
8190
6382
-5441
-9638
-7976
9011
7185
219
-5913
1104
5976
585
-8081
2154
-2262
958
-7029
7982
-9197
4059
-4105
-9902
-9727
-1469
4095
8186
5146
9134
6555
-1497
-9889
8874
-1085
-5680
-1904
1598
-1829
-3405
6976
5033
4049
4744
-8933
3195
1751
-3991
-3304
-9790
1618
7127
-5923
-7746
5871
7873
-1405
-7661
4140
6286
93
7715
-1687
874
-9242
-6340
8659
-3605
-7494
-5877
-2013
-9093
-3455
-1791
-7366
-859
-6483
839
6096
-8681
9939
9621
-8863
577
5683
8964
-7910
-6462
-2429
2654
2783
6183
1685
-9880
3445
-2986
-3919
-192
2094
-8717
4051
-5334
3563
-7741
3064
-3273
2095
6246
-408
-5918
1933
-5242
1592
758
4494
-9554
-1998
4720
-5828
5038
-351
6370
178
-3565
3458
9638
8464
-5645
6788
9423
-2261
7324
-4200
-1633
-1181
-2561
6081
-1093
-9532
6723
3257
8194
-8435
8987
2531
7139
-1167
8530
2169
-2900
9244
99
9070
5128
8804
-2400
7649
-4109
2924
1510
5109
8660
1248
-7109
-429
4933
8377
7044
5907
-9301
3860
-5557
-6480
-9671
-4267
934
1225
-3049
-8082
6322
-1118
-9912
8296
1147
6706
-8789
2608
-2062
-5274
-4760
-2268
885
8826
-8042
-9527
-1663
4526
-4445
-5650
2172
-9300
-7042
-5689
2139
9335
-6090
-2436
-1800
3430
-1948
1236
-2269
6987
2797
-1934
-5742
9936
-7799
-3302
4751
-278
-5695
-2001
5909
-4502
2744
1579
-2530
-5085
-3214
-2609
-8388
-1536
5949
7674
-2288
6701
-843
3782
9265
-5741
1360
4146
2750
-8757
2266
-4427
3474
2141
9933
-2053
-7198
-1729
9584
1627
7606
8048
-2822
8150
-9187
-8975
-4074
2989
-1439
-3994
2426
8187
-761
-5119
-5332
-4138
-5228
-8375
-330
-876
5158
-1610
7144
-4992
7894
4323
-3457
-8521
8440
8744
3002
-1648
2172
6229
-940
-49
-5056
-3096
-7365
9580
-9956
625
-5948
-4415
4569
-883
2405
-8920
4031
3326
3151
3364
-7903
-4493
8099
2003
-1065
-8439
-7463
-5389
1321
4838
7318
4004
-8072
6727
-7300
2302
3943
2760
-8333
3816
3739
7805
3432
7041
6780
-6380
6249
4140
8786
-9111
-6676
7746
1791
271
-1610
-8214
338
-4909
8553
5677
-4373
4556
4418
-7639
8751
2885
-4482
-7125
204
-7590
5368
3704
-8210
5189
-4567
669
1108
7242
4954
5932
4160
1353
5212
7495
-484
-9270
-2913
4311
1714
5022
-3991
6551
868
-8701
4524
6681
5219
-7067
-8767
8507
-5042
-6486
2420
-7440
-3118
-4294
-9416
-1150
-8738
820
8756
8657
-4213
9793
-3205
3544
-7432
462
-4155
8917
1203
-7924
6191
6299
-2214
2677
4063
1539
-2979
-4530
4891
-8462
6012
7122
-1707
1009
-7427
-4087
-1826
4356
-8791
4666
5588
-6688
6877
-8811
-7710
4826
5286
-6826
-4021
-474
-4952
-5985
9878
-1971
6603
6690
-6302
5340
-1948
-3845
6740
-2849
-6747
-493
-6343
9573
-2189
416
6433
-6342
6156
-4666
-7835
7612
766
-7756
-7115
-6105
-8982
1694
-8527
7216
-523
7347
-8975
5746
-3513
-1753
197
5413
-620
-5416
6879
-1470
-3575
1580
6887
-3731
-2809
7326
8804
4214
-857
-5863
9393
8067
2266
5339
5347
-2043
-6176
-3970
7699
1938
1218
3472
3081
2424
2889
-5648
-7410
-3215
3351
8839
-7505
-2397
-7153
-9232
-8893
-6012
5370
-5566
1217
7209
-1897
4120
-2519
8910
2391
-9336
5035
-8946
7409
5124
-4391
1857
-7420
-9075
6139
-4458
6965
-5013
-7824
5619
-5367
-7398
-9347
-9858
3210
9265
860
-1409
-2051
-5137
-9383
4843
3559
7151
-3134
-1559
-1550
-3006
-9424
7413
5936
2228
9047
1253
-2606
-5927
-6933
2554
-9819
3373
5675
-4830
-2225
8848
-1971
-881
-2684
-2142
5382
1091
-6247
-145
8330
9291
9070
664
-3701
-595
2628
-1272
-9646
3448
1116
1
-4588
-6854
9218
-9421
-9197
-7562
-5453
-9944
1056
-6805
9703
-6565
-7551
6025
6559
-8060
-743
7216
3871
5185
5749
-5078
-5646
-1635
6092
9970
-2283
-6538
1473
3850
748
9213
-7982
-3009
-5345
-7171
9182
-5969
-4073
401
6687
-6172
-5240
8417
-2158
-4611
6379
2549
7772
-8567
2385
-4654
-7452
-1551
-9720
-6916
7709
3160
4793
7110
-965
5803
-1552
5568
9692
-3963
9207
-4699
8657
3178
9569
5287
-9681
-4960
-1070
-1868
-9419
6346
8213
1160
2452
652
3984
-7386
-4260
9937
7975
9871
-7640
-6772
9361
-9126
-2577
-4055
1766
2240
-4566
-1249
-4763
7826
1897
-9550
4106
8132
2732
-2424
3154
-715
-8642
3219
2108
6907
5566
1399
7300
-6693
1525
1917
5052
-7987
7792
-7248
8224
4522
1363
-6966
-8787
-6601
4014
-4441
-4375
-2361
7244
3007
9771
-1833
-1739
-4384
9040
3970
3707
5082
9543
-9099
-8595
-3259
-6322
-4559
6152
1972
-1783
4352
8658
-8448
5138
-3741
4716
7033
1307
-1523
3828
4853
2281
-7225
9545
4105
-4441
-2180
-1240
4395
-9100
8294
6585
6799
-6634
-4286
1499
-2803
-5347
9423
7067
4969
-158
5683
-9219
8959
763
1368
-7302
3093
-295
-53
-847
4723
4645
6407
8547
1152
5506
-2564
3570
4330
-6911
-4991
-1705
-7882
-3797
7746
-9955
2131
8677
-3551
-3095
7535
226
7803
8151
-1054
7097
-1653
181
-8451
-2100
8690
-6324
-8899
2144
-9415
8483
4943
-7093
7301
-9561
9181
-8912
-830
-8529
-5824
-6396
-1917
9545
-2892
-4604
3904
-2777
9100
-2305
-2603
7137
-7316
-8511
-969
3362
-3019
-1135
-8784
8921
-1004
9381
4632
6148
-6840
9483
8139
-4398
-7015
8416
8080
8736
7994
-3554
-4477
1654
2759
-7883
2809
-6250
-1252
-6099
8512
7063
-3030
1303
-6761
9881
5369
-7289
-5764
2297
1305
6410
-373
4142
-7032
-9528
-6270
4219
-6091
2196
-4326
-8574
4973
-1400
-7907
-8852
-6868
-6001
-3093
3302
-4112
-1977
-5284
-478
1800
-1220
1041
4016
-175
1455
9601
-2857
-1392
-468
9124
5670
-1035
-9962
-4460
8820
-1565
8930
-7966
9637
9101
3325
-9241
-4788
8467
-2161
-45
7229
-8816
1342
8618
-8657
9043
-3285
1390
1226
-3838
7755
6006
2090
9809
-1146
2039
9844
-5973
9185
-3181
-8620
1991
-710
-5347
-8031
-9958
-5219
-8465
9240
-7801
2946
5072
-7942
-5218
8941
5775
-4562
1984
4093
-9983
1744
-1432
7174
-1049
-3424
-1860
6732
-5240
9959
5544
-9799
-8099
-5547
-9421
9961
9608
-2959
8985
-1509
4352
-4983
-820
6473
-9087
347
4808
-6890
3148
8610
3811
-2256
-208
6058
-1068
-4190
-8307
7180
-5168
-9072
3423
-6251
2974
-9624
-6702
-8551
9725
7246
-551
-6559
-253
4209
9319
863
-2751
7932
-5181
1876
2682
3351
8183
-1909
-157
6253
-286
5359
1977
5962
-1958
-409
-9531
-2608
3412
8958
-9757
-767
-6880
-3346
-9517
-1910
-2937
-7776
-2452
-3716
-2608
-5597
7910
-679
-5292
-8882
-2244
6856
1495
1071
-7570
2581
3559
5944
-6310
-9844
1201
-7164
-2063
-3278
2981
5617
1907
-3732
3250
6595
9971
-7489
-9613
389
-7244
-6140
-16
7382
7015
4806
676
5723
5524
9683
-2465
2504
4396
-618
3524
-8335
5228
1279
3458
1840
-1338
-6315
-4721
4950
729
7215
-390
-7724
-5667
-7497
-4080
-880
8934
-7684
5494
-7987
6311
5630
3914
5515
8070
3964
-513
-4892
5714
4066
-9900
1101
2075
-5822
3644
-8098
7692
-3141
5045
6252
-6146
-213
-9221
-8971
4194
7073
6833
-6840
8873
35
9216
3132
2212
7767
1581
862
-1311
-5173
3651
-7493
-9035
-4382
5460
-4918
79
-6219
-3902
2216
-7586
-1691
6669
-6624
8873
1107
-5391
-8345
-166
8510
790
2433
9068
-8525
8865
-6160
-2626
5371
-9356
-4875
-1764
1137
5257
4352
3166
1907
5272
8915
4137
4892
7322
-6636
-5039
-2976
-3018
4192
6335
-9761
-5359
-1469
6468
-417
8217
-701
-4389
1281
5411
-9827
7757
-2929
8999
-1710
-955
-5576
-7426
8942
4193
-8972
-1712
4116
-2124
8735
5763
-258
-8527
5833
309
2525
-6997
-8820
-6608
-7027
-1999
5866
8147
9336
5723
6815
6334
6057
-6224
-5431
-132
8963
5226
-5504
1935
-8236
-9192
7314
-5433
-2175
9011
4997
6393
2576
50
-6723
1740
2844
-738
7384
-5469
-6804
6790
-297
360
-5175
-5157
-4233
9643
1936
-6015
675
-4476
-2885
-7618
2695
-7795
1148
-6421
8833
4369
408
-4186
-7355
3875
4309
-1896
3848
5567
-6717
8562
7142
-5729
-8119
4077
9434
3660
-517
-3290
5510
9136
3897
-2906
-597
1949
9669
9819
-7397
-2679
8572
-2709
1971
-2748
8260
5498
-8062
-3984
9914
-2325
-2888
-3821
439
8678
-3444
3653
-7804
2790
-2123
-9666
3056
-4427
-6199
-3051
-8593
5882
-5974
-5580
7977
6898
-6927
859
7250
-570
3402
-4589
-1950
8595
5640
-5987
6855
-2141
6553
8085
9576
-5550
4075
-2798
-8677
-8775
-2695
-7458
9314
3431
6317
-368
1153
6311
9409
6907
-3322
-1706
-8141
1849
-8068
-449
2491
2063
4204
-4874
5749
-7239
7363
-4772
4352
-2864
7985
-1663
-8092
1557
-4119
-8204
8675
1880
445
4357
-6350
760
-7744
-2410
1310
9594
-3923
8690
8853
7011
147
8921
5958
-7941
7239
4883
8264
-1686
-8294
-5429
-5329
8206
-6791
7939
-8816
-209
3120
6991
-3089
-6741
-641
-5204
-3397
5177
-4374
-577
-1159
6155
-281
9089
-5689
-7040
-503
-8971
8277
-6191
-6428
9528
-4154
-7057
6682
-2690
-6283
5707
-4208
-2058
5605
-2049
5824
-5551
548
-863
5779
3366
-2465
2252
-4429
1302
-5903
2524
-6776
8196
-7406
-7495
-8737
8869
-2723
-2943
3535
4978
3793
1257
-7697
7483
1392
8784
4210
-7170
-4690
-4905
-3800
1783
1925
3936
1930
1896
4617
-7590
-1449
-6871
-9097
8860
9268
-6391
-9827
3316
-370
-4832
-5645
-7152
-1636
6619
-2702
2778
-3184
-3367
-7855
7465
-4863
-5867
-4152
-9328
8362
-8233
-7919
5046
7820
-8588
8564
1537
7769
-3184
-3411
8198
-2195
-2012
-8308
-8346
-4628
8766
9585
-6182
1493
-9904
-8247
7615
1829
-8658
6308
9902
3612
-5455
5403
3164
-2520
-3647
-4443
-9784
8792
5925
-3371
494
9424
-7256
-4667
-4205
5987
1861
-1077
1253
1300
-3191
2107
6368
-9231
5789
-5241
-1565
1361
7749
-9988
-3402
1936
-5010
-9047
7214
2229
-4720
7111
-6903
-415
7113
2047
529
-2152
1694
-2605
-8784
107
-5720
1803
-3378
-336
-9247
-3097
-3163
7095
4511
8329
3346
-796
-6385
2280
916
-8539
-8147
-2884
9673
1032
8258
-2497
8100
6571
-1573
-1602
-8233
934
1197
-4286
4607
1991
-9943
-1103
-4174
2903
-4118
3998
9068
7721
-5962
-8382
-1227
8997
-3686
-3807
-1078
-9094
-7626
35
5520
8967
-7043
8658
-8329
-5158
-160
-7858
-5464
6787
-770
2037
4842
1563
2682
-3242
-9963
-2111
5194
1891
3618
-7909
-8914
-7030
-3857
6954
3655
6600
2490
1224
-3270
-8739
8020
-4801
9503
-3324
-5937
-3914
9515
1486
308
6213
-3476
5758
1992
31
-1433
6533
5728
-591
-3569
6739
-4117
-9398
-7658
6132
-16
-3001
9593
4122
2600
-8402
-4170
-7406
-6407
-2949
667
-2934
-9803
-8297
2554
-9533
6294
5399
-9411
8425
4808
5214
-7341
8853
-2908
9382
-7963
-3191
-2213
4739
-9152
-146
5819
5676
7855
2553
2371
1397
5263
-1717
-9121
-4861
396
6499
3705
-9821
-2208
-1415
5273
-4980
159
-1348
-2600
8951
1842
5581
-4963
659
3968
-6022
-9057
-3803
3410
1876
-9877
-330
-9223
-805
6433
247
-2252
6546
9729
8435
8948
-4609
8670
-8561
2847
-3500
-3432
-6474
1262
-931
-1191
-8687
2478
6927
3071
7112
-1435
2813
-8429
75
9276
-2835
-7041
-3618
9817
8265
-6711
4444
7732
-1318
9118
-6413
-6229
-7805
606
6077
3243
5357
-621
-8757
1726
-4192
-7264
-4736
-4871
2107
9530
2856
-379
6666
-1691
-4853
7070
-9683
-595
-2019
-5669
2891
9829
-4482
1605
6145
2902
-5786
3036
-2435
-3409
837
-8220
3368
-4844
-891
4962
5890
7121
-3581
2417
-768
7080
8858
-2886
-7655
6767
-8475
-7161
-1913
-335
-756
9795
-2256
-9620
6896
5703
-2492
8559
1042
8892
-8572
3965
-7947
-9599
1192
8096
-8093
3747
-6673
8610
-8098
-6767
7636
-9582
-2629
-504
-3292
655
-2501
8224
2000
-1576
-6157
394
6133
3846
-7754
1520
6639
-9694
293
5211
6787
1879
7288
-3696
-458
9289
2547
4139
-6391
-2502
8473
-2809
-1536
8693
-6899
-562
3817
-7965
-3508
-2247
-8364
8384
-3710
-5972
8396
-4688
819
-9531
765
-7660
2830
-6349
-3219
7191
-959
1491
-5048
-851
-9668
-2143
4583
-1094
6535
4787
4560
-9941
-8237
-5389
7550
3550
-6678
-4834
-8520
9109
49
-6664
8889
8774
-2226
4215
3029
-5643
3014
-8370
-9365
3028
4402
9669
-9662
991
-5525
5946
-4693
9502
-2559
2007
3533
-5531
-3568
-7695
-7127
6446
805
6602
-5775
-218
5575
-527
-7328
7180
4010
-7801
8322
5387
-6481
5305
-8749
151
-2579
4990
-5989
3310
-4751
-3311
-5920
1805
-1033
-1849
597
7815
5832
-5568
-5796
-8330
-8827
822
3168
-4096
-9851
-216
6598
9618
4711
-8890
-8111
9422
-9255
6000
3096
-3430
2692
-7778
6507
-5304
1161
2340
-9092
4147
4247
3588
7063
6429
9540
-2343
3069
4859
8471
5882
-1261
-2724
-5840
836
7064
-2681
-8723
-5819
-1885
9937
-344
7524
-9262
8489
5954
1436
-9902
1149
7943
3782
-6797
-2721
-5280
-9276
3024
5713
-7741
9108
-9549
6774
-6601
3064
-8099
2974
324
9585
3523
-4638
5913
-591
-8640
9788
-4042
2309
-4830
4300
-7801
9937
-2634
-5035
-1167
-2014
-9592
9531
-5927
9365
1734
-4104
-1599
5886
-6613
1013
